1.462 0.92446 1.8028 42513 60761 488.45 65.652 17.11 0.078289 0.13048 0.17963 0.50212 0
1.462 0.92446 1.8028 42513 60761 488.45 65.652 17.11 0.078289 0.13048 0.17963 0.50212 0
1.462 0.92446 1.8028 42513 60761 488.45 65.652 17.11 0.078289 0.13048 0.17963 0.50212 1
1.462 0.92446 1.8028 42513 60761 488.45 65.652 17.11 0.078289 0.13048 0.17963 0.50212 2
1.462 0.92446 1.8028 42513 60761 488.45 65.652 17.11 0.078289 0.13048 0.17963 0.50212 3
1.462 0.92446 1.8028 42513 60761 488.45 65.652 17.11 0.078289 0.13048 0.17963 0.50212 4
1.462 0.92446 1.8028 42513 60761 488.45 65.652 17.11 0.078289 0.13048 0.17963 0.50212 5
1.462 0.92446 1.8028 42513 60761 488.45 65.652 17.11 0.078289 0.13048 0.17963 0.50212 6
1.462 0.92446 1.8028 42513 60761 488.45 65.652 17.11 0.078289 0.13048 0.17963 0.50212 7
1.6037 0.94964 0.7 50636 66130 492.16 61.644 50.244 0.099514 0.13455 0.18152 0.4084 8
1.7435 1.3242 0.88575 60662 62989 491.87 148.04 55.3 0.12337 0.11789 0.17528 0.39744 9
1.5807 0.88032 0.88074 48122 65910 485.66 382.13 59.016 0.13502 0.12187 0.16282 0.35959 10
1.5807 0.88032 0.88074 48122 65910 485.66 382.13 59.016 0.13502 0.12187 0.16282 0.35959 11
1.5504 0.92642 0.87658 50482 61768 503.5 270.89 48.382 0.12189 0.11539 0.16615 0.33841 12
1.5504 0.92642 0.87658 50482 61768 503.5 270.89 48.382 0.12189 0.11539 0.16615 0.33841 13
1.5705 1.1945 0.87249 51199 61776 497.92 270.59 46.975 0.12272 0.095129 0.1506 0.2559 14
1.5705 1.1945 0.87249 51199 61776 497.92 270.59 46.975 0.12272 0.095129 0.1506 0.2559 15
1.5679 1.1933 0.87273 51059 61474 497.95 280.41 47.267 0.12204 0.096075 0.14282 0.25321 16
1.5665 1.222 0.87828 50904 61151 498.27 279.73 46.394 0.12652 0.094559 0.13929 0.24892 17
1.5665 1.222 0.87828 50904 61151 498.27 279.73 46.394 0.12652 0.094559 0.13929 0.24892 18
1.5371 1.2282 0.88699 50808 61283 500.04 272.94 48.192 0.11534 0.097162 0.14453 0.23781 19
1.5372 1.2235 0.88736 50903 61223 499.89 273.86 48.58 0.11537 0.097427 0.14402 0.23565 20
1.5405 1.2268 0.87839 50589 61553 501.11 268.32 48.828 0.09728 0.080073 0.14294 0.23016 21
1.5277 1.2129 0.88639 50677 62778 500.79 273.04 48.583 0.10718 0.090143 0.1377 0.22465 22
1.5104 1.2169 0.88411 50670 61039 498.56 271.29 49.133 0.10319 0.078943 0.14347 0.21684 23
1.5079 1.2259 0.88643 50435 62097 501.45 268.04 52.457 0.097034 0.077489 0.13502 0.21516 24
1.478 1.2211 0.88635 50387 62220 501.61 269.69 52.999 0.09067 0.082109 0.13429 0.20418 25
1.4776 1.2255 0.88307 50149 62307 503.05 269.54 51.912 0.082491 0.081429 0.13288 0.20413 26
1.4776 1.2255 0.88307 50149 62307 503.05 269.54 51.912 0.082491 0.081429 0.13288 0.20413 27
1.4776 1.2255 0.88307 50149 62307 503.05 269.54 51.912 0.082491 0.081429 0.13288 0.20413 28
1.4776 1.2255 0.88307 50149 62307 503.05 269.54 51.912 0.082491 0.081429 0.13288 0.20413 29
1.4776 1.2255 0.88307 50149 62307 503.05 269.54 51.912 0.082491 0.081429 0.13288 0.20413 30
1.4776 1.2255 0.88307 50149 62307 503.05 269.54 51.912 0.082491 0.081429 0.13288 0.20413 31
1.4776 1.2255 0.88307 50149 62307 503.05 269.54 51.912 0.082491 0.081429 0.13288 0.20413 32
1.4776 1.2255 0.88307 50149 62307 503.05 269.54 51.912 0.082491 0.081429 0.13288 0.20413 33
1.4771 1.2206 0.88449 50961 66719 503.76 269.4 51.763 0.091734 0.072385 0.1298 0.2034 34
1.4656 1.2211 0.88168 52391 61717 496.04 271.55 52.009 0.090004 0.078202 0.12798 0.19741 35
1.4721 1.2152 0.88358 50610 66719 492.1 277.3 52.21 0.090667 0.070243 0.12609 0.19479 36
1.4734 1.218 0.88359 50384 66367 499.35 272.16 52.619 0.088022 0.079813 0.11907 0.19044 37
1.4735 1.2193 0.88402 51992 64667 499.17 272.4 50.659 0.089205 0.069698 0.11315 0.18566 38
1.4719 1.2155 0.88243 51526 66518 495.51 273.69 50.478 0.088597 0.073204 0.11426 0.18509 39
1.4717 1.2159 0.88228 51779 66463 496.47 272.61 50.008 0.088883 0.073317 0.11146 0.18359 40
1.4674 1.2139 0.88191 52738 66435 494.26 276.14 49.967 0.08945 0.072744 0.10579 0.18149 41
1.4681 1.2171 0.88283 52314 66689 495.63 274.62 49.178 0.089801 0.073769 0.10732 0.18073 42
1.4681 1.2171 0.88283 52314 66689 495.63 274.62 49.178 0.089801 0.073769 0.10732 0.18073 43
1.4681 1.2171 0.88283 52314 66689 495.63 274.62 49.178 0.089801 0.073769 0.10732 0.18073 44
1.467 1.2166 0.88333 53381 66482 495.16 274.54 49.983 0.089844 0.073478 0.10488 0.17863 45
1.467 1.2166 0.88333 53381 66482 495.16 274.54 49.983 0.089844 0.073478 0.10488 0.17863 46
1.467 1.2166 0.88333 53381 66482 495.16 274.54 49.983 0.089844 0.073478 0.10488 0.17863 47
1.467 1.2166 0.88333 53381 66482 495.16 274.54 49.983 0.089844 0.073478 0.10488 0.17863 48
1.467 1.2166 0.88333 53381 66482 495.16 274.54 49.983 0.089844 0.073478 0.10488 0.17863 49
1.467 1.2166 0.88333 53381 66482 495.16 274.54 49.983 0.089844 0.073478 0.10488 0.17863 50
1.467 1.2166 0.88333 53381 66482 495.16 274.54 49.983 0.089844 0.073478 0.10488 0.17863 51
1.467 1.2166 0.88333 53381 66482 495.16 274.54 49.983 0.089844 0.073478 0.10488 0.17863 52
1.467 1.2166 0.88333 53381 66482 495.16 274.54 49.983 0.089844 0.073478 0.10488 0.17863 53
1.4661 1.2166 0.88338 53575 66483 495.1 275 50.017 0.089893 0.069593 0.10447 0.17825 54
1.4662 1.2167 0.88334 53896 66713 495.76 274.93 50.179 0.088856 0.072849 0.10116 0.17639 55
1.4662 1.2166 0.88338 54028 66599 495.16 274.17 50.198 0.088974 0.073281 0.099991 0.17583 56
1.4662 1.217 0.88334 54157 66659 495.07 273.95 50.206 0.088973 0.0733 0.098737 0.17541 57
1.4666 1.2176 0.88337 54162 66569 495.08 274.02 50.499 0.088805 0.071513 0.097092 0.17533 58
1.4665 1.2163 0.88354 53859 66719 494.91 274.35 50.27 0.088605 0.074389 0.097949 0.17423 59
1.4665 1.2163 0.88354 53859 66719 494.91 274.35 50.27 0.088605 0.074389 0.097949 0.17423 60
1.466 1.218 0.88337 54096 66520 495.22 274.06 50.189 0.088885 0.072254 0.098015 0.17308 61
1.466 1.218 0.88337 54096 66520 495.22 274.06 50.189 0.088885 0.072254 0.098015 0.17308 62
1.466 1.218 0.88337 54096 66520 495.22 274.06 50.189 0.088885 0.072254 0.098015 0.17308 63
1.466 1.2179 0.88337 54106 66517 495.22 274.06 50.188 0.088886 0.072252 0.097973 0.17283 64
1.466 1.218 0.88337 54052 66480 495.28 274.03 50.156 0.088933 0.070921 0.098154 0.1717 65
1.466 1.218 0.88337 54052 66480 495.28 274.03 50.156 0.088933 0.070921 0.098154 0.1717 66
1.466 1.218 0.88337 54052 66480 495.28 274.03 50.156 0.088933 0.070921 0.098154 0.1717 67
1.466 1.218 0.8834 54071 66473 495.32 274.01 50.112 0.088833 0.071329 0.097863 0.17094 68
1.4659 1.218 0.88339 54073 66489 495.29 274.03 50.149 0.088877 0.071149 0.097888 0.17025 69
1.4659 1.218 0.8834 54072 66486 495.3 274.03 50.148 0.088876 0.071077 0.09786 0.16926 70
1.4659 1.218 0.8834 54072 66486 495.3 274.03 50.148 0.088876 0.071077 0.09786 0.16926 71
1.4659 1.2181 0.88339 54070 66486 495.29 274.01 50.165 0.088838 0.070917 0.097858 0.1687 72
1.4659 1.2181 0.88339 54070 66486 495.29 274.01 50.165 0.088838 0.070917 0.097858 0.1687 73
1.4659 1.2181 0.88339 54070 66486 495.29 274.01 50.165 0.088839 0.070918 0.097857 0.16824 74
1.4659 1.2181 0.88339 54070 66486 495.29 274.01 50.165 0.088839 0.070918 0.097857 0.16814 75
1.4659 1.2181 0.88339 54070 66486 495.29 274.01 50.165 0.088839 0.070918 0.097857 0.16812 76
1.4659 1.2181 0.88339 54070 66486 495.29 274.01 50.165 0.088839 0.070918 0.097858 0.16811 77
1.4659 1.218 0.8834 54075 66491 495.25 274.01 50.171 0.088832 0.071 0.097853 0.16773 78
1.4659 1.2181 0.8834 54074 66492 495.28 274.01 50.17 0.088837 0.07092 0.097852 0.16731 79
1.4659 1.2181 0.8834 54074 66492 495.28 274.01 50.17 0.088837 0.07092 0.097852 0.16731 80
1.4659 1.2181 0.8834 54074 66492 495.28 274.01 50.17 0.088837 0.07092 0.097852 0.16731 81
1.4659 1.2181 0.8834 54074 66492 495.28 274.01 50.17 0.088837 0.07092 0.097852 0.16731 82
1.4659 1.2181 0.8834 54074 66492 495.28 274.01 50.17 0.088837 0.07092 0.097852 0.16731 83
1.4659 1.2181 0.8834 54074 66492 495.28 274.01 50.17 0.088837 0.07092 0.097852 0.16731 84
1.4659 1.2181 0.8834 54074 66492 495.28 274.01 50.17 0.088837 0.07092 0.097852 0.16731 85
1.4659 1.2181 0.8834 54074 66492 495.28 274.01 50.17 0.088837 0.07092 0.097852 0.16731 86
1.4659 1.2181 0.8834 54074 66492 495.28 274.01 50.17 0.088837 0.07092 0.097852 0.16731 87
1.4659 1.2181 0.8834 54074 66492 495.28 274.01 50.17 0.088837 0.07092 0.097852 0.16731 88
1.4659 1.2181 0.8834 54074 66492 495.28 274.01 50.17 0.088837 0.07092 0.097852 0.16731 89
1.4659 1.2181 0.8834 54074 66492 495.28 274.01 50.17 0.088837 0.07092 0.097852 0.16731 90
1.4659 1.2181 0.8834 54074 66492 495.28 274.01 50.17 0.088837 0.07092 0.097852 0.16721 91
1.4659 1.2181 0.8834 54074 66492 495.28 274.01 50.17 0.088837 0.07092 0.097852 0.16721 92
1.4659 1.2181 0.8834 54074 66492 495.28 274.01 50.17 0.088837 0.07092 0.097852 0.1672 93
1.4659 1.2181 0.8834 54074 66492 495.28 274.01 50.17 0.088837 0.07092 0.097852 0.1672 94
1.4659 1.2181 0.8834 54074 66492 495.28 274.01 50.17 0.088837 0.07092 0.097852 0.1672 95
1.4659 1.2181 0.8834 54074 66492 495.28 274.01 50.17 0.088837 0.07092 0.097852 0.1672 96
1.4659 1.2181 0.8834 54074 66492 495.28 274.01 50.17 0.088837 0.07092 0.097852 0.1672 97
1.4659 1.2181 0.8834 54074 66492 495.28 274.01 50.17 0.088837 0.07092 0.097852 0.1672 98
1.4659 1.2181 0.8834 54074 66492 495.28 274.01 50.17 0.088837 0.07092 0.097852 0.1672 99
1.4659 1.2181 0.8834 54074 66492 495.28 274.01 50.17 0.088837 0.07092 0.097852 0.1672 100
1.4659 1.2181 0.8834 54074 66492 495.28 274.01 50.17 0.088837 0.07092 0.097852 0.1672 101
1.4659 1.2181 0.8834 54074 66492 495.28 274.01 50.17 0.088837 0.07092 0.097852 0.1672 102
1.4659 1.2181 0.8834 54074 66492 495.28 274.01 50.17 0.088837 0.07092 0.097852 0.1672 103
1.4659 1.2181 0.8834 54074 66492 495.28 274.01 50.17 0.088837 0.07092 0.097852 0.1672 104
1.4659 1.2181 0.8834 54074 66492 495.28 274.01 50.17 0.088837 0.07092 0.097852 0.1672 105
1.4659 1.2181 0.8834 54074 66492 495.28 274.01 50.17 0.088837 0.07092 0.097852 0.1672 106
1.4659 1.2181 0.8834 54074 66492 495.28 274.01 50.17 0.088837 0.07092 0.097852 0.1672 107
1.4659 1.2181 0.8834 54074 66492 495.28 274.01 50.17 0.088837 0.07092 0.097852 0.1672 108
1.4659 1.2181 0.8834 54074 66492 495.28 274.01 50.17 0.088837 0.070919 0.09785 0.16719 109
1.4659 1.2181 0.8834 54074 66492 495.28 274.01 50.17 0.088837 0.070919 0.09785 0.16719 110
1.4659 1.2181 0.8834 54074 66492 495.28 274.01 50.169 0.088837 0.07092 0.097851 0.16719 111
1.4659 1.2181 0.8834 54074 66492 495.28 274.01 50.169 0.088837 0.07092 0.097851 0.16719 112
1.4659 1.2181 0.8834 54074 66492 495.28 274.01 50.169 0.088837 0.07092 0.097851 0.16719 113
1.4659 1.2181 0.8834 54074 66492 495.28 274.01 50.169 0.088837 0.07092 0.097851 0.16719 114
1.4659 1.2181 0.8834 54074 66492 495.28 274.01 50.169 0.088837 0.070921 0.097851 0.16719 115
1.4659 1.2181 0.8834 54074 66492 495.28 274.01 50.169 0.088837 0.070921 0.097851 0.16719 116
1.4659 1.2181 0.8834 54074 66492 495.28 274.01 50.169 0.088837 0.070921 0.097851 0.16719 117
1.4659 1.2181 0.8834 54074 66492 495.28 274.01 50.169 0.088837 0.070921 0.097851 0.16719 118
1.4659 1.2181 0.8834 54074 66492 495.28 274.01 50.169 0.088837 0.070921 0.097851 0.16719 119
1.4659 1.2181 0.8834 54074 66492 495.28 274.01 50.169 0.088837 0.070919 0.09785 0.16719 120
1.4659 1.2181 0.8834 54074 66492 495.28 274.01 50.169 0.088837 0.070919 0.09785 0.16719 121
1.4659 1.2181 0.8834 54074 66492 495.28 274.01 50.169 0.088837 0.07092 0.097851 0.16718 122
1.4659 1.2181 0.8834 54074 66492 495.28 274.01 50.169 0.088837 0.07092 0.097851 0.16718 123
1.4659 1.2181 0.8834 54074 66492 495.28 274.01 50.169 0.088837 0.07092 0.097851 0.16718 124
1.4659 1.2181 0.8834 54074 66492 495.28 274.01 50.169 0.088837 0.07092 0.097851 0.16718 125
1.4659 1.2181 0.8834 54074 66492 495.28 274.01 50.169 0.088837 0.07092 0.097851 0.16718 126
1.4659 1.2181 0.8834 54074 66492 495.28 274.01 50.169 0.088837 0.07092 0.097851 0.16718 127
1.4659 1.2181 0.8834 54074 66492 495.28 274.01 50.169 0.088837 0.07092 0.097851 0.16718 128
1.4659 1.2181 0.8834 54074 66492 495.28 274.01 50.169 0.088837 0.07092 0.097851 0.16718 129
1.4659 1.2181 0.8834 54074 66492 495.28 274.01 50.169 0.088837 0.07092 0.097851 0.16718 130
1.4659 1.2181 0.8834 54074 66492 495.28 274.01 50.169 0.088837 0.07092 0.097851 0.16718 131
1.4659 1.2181 0.8834 54074 66492 495.28 274.01 50.169 0.088837 0.07092 0.097851 0.16718 132
1.4659 1.2181 0.8834 54074 66492 495.28 274.01 50.169 0.088837 0.07092 0.097851 0.16718 133
1.4659 1.2181 0.8834 54074 66492 495.28 274.01 50.169 0.088839 0.07092 0.097851 0.16718 134
1.4659 1.2181 0.8834 54074 66492 495.28 274.01 50.169 0.088839 0.07092 0.097851 0.16718 135
1.4659 1.2181 0.8834 54074 66492 495.28 274.01 50.169 0.088839 0.070919 0.097851 0.16718 136
1.4659 1.2181 0.8834 54074 66492 495.28 274.01 50.169 0.088839 0.070919 0.097851 0.16718 137
1.4659 1.2181 0.8834 54074 66492 495.28 274.01 50.169 0.088839 0.070919 0.097851 0.16718 138
1.4659 1.2181 0.8834 54074 66492 495.28 274.01 50.169 0.088839 0.070919 0.097851 0.16718 139
1.4659 1.2181 0.8834 54074 66492 495.28 274.01 50.169 0.088839 0.070919 0.097851 0.16718 140
1.4659 1.2181 0.8834 54074 66492 495.28 274.01 50.169 0.088839 0.070919 0.097851 0.16718 141
1.4659 1.2181 0.8834 54074 66492 495.28 274.01 50.169 0.088839 0.070919 0.097851 0.16718 141
