1.5701 0.94228 0.91204 43792 37446 283.94 268.08 588.81 0.096108 0.075827 0.085623 0.42495 0
1.5701 0.94228 0.91204 43792 37446 283.94 268.08 588.81 0.096108 0.075827 0.085623 0.42495 0
1.5701 0.94228 0.91204 43792 37446 283.94 268.08 588.81 0.096108 0.075827 0.085623 0.42495 1
1.5701 0.94228 0.91204 43792 37446 283.94 268.08 588.81 0.096108 0.075827 0.085623 0.42495 2
1.5701 0.94228 0.91204 43792 37446 283.94 268.08 588.81 0.096108 0.075827 0.085623 0.42495 3
1.5701 0.94228 0.91204 43792 37446 283.94 268.08 588.81 0.096108 0.075827 0.085623 0.42495 4
1.5701 0.94228 0.91204 43792 37446 283.94 268.08 588.81 0.096108 0.075827 0.085623 0.42495 5
1.5701 0.94228 0.91204 43792 37446 283.94 268.08 588.81 0.096108 0.075827 0.085623 0.42495 6
1.5856 1.1929 0.93097 47494 43055 267.32 379.28 596.14 0.096549 0.19037 0.098412 0.37974 7
1.5856 1.1929 0.93097 47494 43055 267.32 379.28 596.14 0.096549 0.19037 0.098412 0.37974 8
1.4804 0.84371 0.97739 66719 39286 275.47 177.7 614.91 0.094198 0.11174 0.15386 0.32264 9
1.4804 0.84371 0.97739 66719 39286 275.47 177.7 614.91 0.094198 0.11174 0.15386 0.32264 10
1.5271 0.7227 0.94294 66719 36173 169.86 169.23 618.94 0.081596 0.1079 0.16056 0.2992 11
1.5193 0.7 0.9744 66238 33359 164.18 169.42 616.82 0.084777 0.10255 0.15468 0.29756 12
1.4914 0.72759 0.94929 66292 37390 167.65 168.55 616.65 0.088255 0.084009 0.15205 0.27391 13
1.4914 0.72759 0.94929 66292 37390 167.65 168.55 616.65 0.088255 0.084009 0.15205 0.27391 14
1.5152 0.8157 0.95549 66275 39062 165.94 172.86 616.98 0.091355 0.1301 0.15299 0.25424 15
1.5277 0.81384 0.95799 61772 41948 165.79 161.2 614.16 0.087711 0.072776 0.17693 0.24041 16
1.5193 0.82489 0.95831 61128 40378 168.02 152.79 614.85 0.093693 0.063782 0.15826 0.23456 17
1.5024 0.83533 0.92441 66719 37462 166.06 173.55 611.94 0.090228 0.11877 0.15397 0.23152 18
1.5024 0.83533 0.92441 66719 37462 166.06 173.55 611.94 0.090228 0.11877 0.15397 0.23152 19
1.4881 0.86948 0.92054 65370 40970 163.51 168.71 610.18 0.096962 0.10245 0.15184 0.22587 20
1.4881 0.86948 0.92054 65370 40970 163.51 168.71 610.18 0.096962 0.10245 0.15184 0.22587 21
1.4833 0.87172 0.9569 63068 40332 168.33 167.32 606.52 0.095286 0.10444 0.14124 0.22146 22
1.4853 0.82559 0.94583 62235 36900 168.35 173.05 611.79 0.092129 0.084034 0.17332 0.21967 23
1.4853 0.82559 0.94583 62235 36900 168.35 173.05 611.79 0.092129 0.084034 0.17332 0.21967 24
1.4853 0.82559 0.94583 62235 36900 168.35 173.05 611.79 0.092129 0.084034 0.17332 0.21967 25
1.4853 0.82559 0.94583 62235 36900 168.35 173.05 611.79 0.092129 0.084034 0.17332 0.21967 26
1.4853 0.82559 0.94583 62235 36900 168.35 173.05 611.79 0.092129 0.084034 0.17332 0.21967 27
1.4853 0.82559 0.94583 62235 36900 168.35 173.05 611.79 0.092129 0.084034 0.17332 0.21967 28
1.4853 0.82559 0.94583 62235 36900 168.35 173.05 611.79 0.092129 0.084034 0.17332 0.21967 29
1.4853 0.82559 0.94583 62235 36900 168.35 173.05 611.79 0.092129 0.084034 0.17332 0.21967 30
1.4789 0.80145 0.90537 59684 37234 167.36 154.89 612.57 0.093944 0.10075 0.14177 0.21614 31
1.4789 0.80145 0.90537 59684 37234 167.36 154.89 612.57 0.093944 0.10075 0.14177 0.21614 32
1.4789 0.80145 0.90537 59684 37234 167.36 154.89 612.57 0.093944 0.10075 0.14177 0.21614 33
1.4851 0.82335 0.94356 58493 39979 164.72 166.84 610.62 0.09513 0.081151 0.13337 0.20613 34
1.4851 0.82335 0.94356 58493 39979 164.72 166.84 610.62 0.09513 0.081151 0.13337 0.20613 35
1.4857 0.82325 0.95066 58463 40442 167.46 164.32 611.29 0.095137 0.079687 0.13266 0.20566 36
1.4874 0.8195 0.95183 58298 40536 164.26 165.93 610.49 0.095591 0.068899 0.13258 0.20322 37
1.4877 0.82072 0.97538 58158 40637 164.35 167.48 610.97 0.095416 0.0705 0.13042 0.20127 38
1.4863 0.82979 0.98234 57384 48609 164.43 167.9 610.36 0.10287 0.071342 0.13207 0.19719 39
1.4853 0.83177 0.9971 59738 49889 166.04 162.75 610.36 0.095542 0.071458 0.13305 0.19355 40
1.4884 0.83534 1.002 60578 51617 164.46 163.26 610.68 0.094877 0.071091 0.13193 0.18842 41
1.4885 0.84014 1.0003 62701 54500 164.91 164.21 610.45 0.095241 0.071222 0.14002 0.18699 42
1.4902 0.83623 1.0002 61864 54825 166.76 161.62 610.73 0.093342 0.063088 0.13007 0.18402 43
1.4865 0.83974 0.99497 63106 61441 164.51 165.55 610.14 0.099387 0.070885 0.13695 0.18166 44
1.4908 0.83799 0.99532 61040 57026 163.79 163.92 614.41 0.09282 0.05645 0.12518 0.1773 45
1.4908 0.83799 0.99532 61040 57026 163.79 163.92 614.41 0.09282 0.05645 0.12518 0.1773 46
1.4908 0.83799 0.99532 61040 57026 163.79 163.92 614.41 0.09282 0.05645 0.12518 0.1773 47
1.4908 0.83799 0.99532 61040 57026 163.79 163.92 614.41 0.09282 0.05645 0.12518 0.1773 48
1.4908 0.83799 0.99532 61040 57026 163.79 163.92 614.41 0.09282 0.05645 0.12518 0.1773 49
1.4908 0.83799 0.99532 61040 57026 163.79 163.92 614.41 0.09282 0.05645 0.12518 0.1773 50
1.4908 0.83799 0.99532 61040 57026 163.79 163.92 614.41 0.09282 0.05645 0.12518 0.1773 51
1.4908 0.83799 0.99532 61040 57026 163.79 163.92 614.41 0.09282 0.05645 0.12518 0.1773 52
1.4908 0.83799 0.99532 61040 57026 163.79 163.92 614.41 0.09282 0.05645 0.12518 0.1773 53
1.4908 0.83808 0.99469 64743 58159 164.33 163.71 612.38 0.092959 0.056172 0.12595 0.17449 54
1.4887 0.83786 1.0036 65573 57186 163.7 164.65 613.34 0.096611 0.055468 0.12654 0.17342 55
1.4899 0.83686 0.9948 61598 56859 163.77 163.77 614.74 0.09782 0.053913 0.11881 0.17299 56
1.491 0.83699 0.99595 63107 56400 163.41 164.41 614.64 0.096444 0.056218 0.11533 0.17203 57
1.4885 0.83797 1.0032 66540 56901 163.83 164.68 613.35 0.098436 0.05556 0.12328 0.17068 58
1.4883 0.83806 1.0033 66719 56924 163.82 164.79 613.29 0.098355 0.055574 0.12344 0.17043 59
1.4886 0.8377 0.99639 66719 56916 163.83 163.87 613.18 0.09838 0.055523 0.119 0.16981 60
1.4885 0.83737 0.99661 66704 57010 163.51 163.84 613.04 0.099043 0.055376 0.1195 0.16977 61
1.4893 0.83711 0.9977 65590 56976 163.34 163.85 612.96 0.099672 0.053586 0.11593 0.16896 62
1.4885 0.83721 0.99659 66719 56573 163.41 163.62 613.49 0.10044 0.053552 0.1177 0.16865 63
1.487 0.83794 0.99996 66719 57425 163.81 163.96 613.98 0.099126 0.052678 0.12111 0.16844 64
1.487 0.83794 0.99996 66719 57425 163.81 163.96 613.98 0.099126 0.052678 0.12111 0.16844 65
1.487 0.83794 0.99996 66719 57425 163.81 163.96 613.98 0.099126 0.052678 0.12111 0.16844 66
1.487 0.83794 0.99996 66719 57425 163.81 163.96 613.98 0.099126 0.052678 0.12111 0.16844 67
1.487 0.83794 0.99996 66719 57425 163.81 163.96 613.98 0.099126 0.052678 0.12111 0.16844 68
1.487 0.83794 0.99996 66719 57425 163.81 163.96 613.98 0.099126 0.052678 0.12111 0.16844 69
1.487 0.83794 0.99996 66719 57425 163.81 163.96 613.98 0.099126 0.052678 0.12111 0.16844 70
1.487 0.83794 0.99996 66719 57425 163.81 163.96 613.98 0.099126 0.052678 0.12111 0.16844 71
1.487 0.83794 0.99996 66719 57425 163.81 163.96 613.98 0.099126 0.052678 0.12111 0.16844 72
1.487 0.83794 0.99996 66719 57425 163.81 163.96 613.98 0.099126 0.052678 0.12111 0.16844 73
1.487 0.83794 0.99996 66719 57425 163.81 163.96 613.98 0.099126 0.052678 0.12111 0.16844 74
1.4877 0.8378 0.99995 66719 57388 163.9 163.78 613.28 0.099008 0.052987 0.12115 0.16803 75
1.4875 0.83782 0.99992 66719 57358 163.9 163.79 613.43 0.099013 0.052974 0.12116 0.16801 76
1.4877 0.83783 0.9996 66719 57358 164.14 163.79 613.6 0.098932 0.053072 0.12018 0.16799 77
1.4877 0.83782 0.99967 66719 57357 164.13 163.79 613.58 0.09896 0.053019 0.12035 0.16797 78
1.4875 0.83784 0.99978 66719 57350 163.72 164.44 613.54 0.099002 0.053108 0.11934 0.16768 79
1.4875 0.83784 0.9999 66719 57351 163.68 164.53 613.52 0.099005 0.053125 0.11937 0.16763 80
1.4876 0.83735 0.9988 66618 57319 163.63 164.4 612.55 0.098994 0.053003 0.11922 0.16762 81
1.4873 0.83744 0.99946 66664 57313 163.62 164.42 612.58 0.09922 0.052963 0.11874 0.16745 82
1.4874 0.83777 0.99965 66719 57430 163.69 164.56 613.33 0.099504 0.052944 0.11946 0.16743 83
1.4871 0.83737 0.99861 66531 57366 163.65 163.97 612.93 0.10014 0.052236 0.11854 0.16718 84
1.4871 0.83737 0.99861 66531 57366 163.65 163.97 612.93 0.10014 0.052236 0.11854 0.16718 85
1.4871 0.83737 0.99861 66531 57366 163.65 163.97 612.93 0.10014 0.052236 0.11854 0.16718 86
1.4871 0.83737 0.99861 66531 57366 163.65 163.97 612.93 0.10014 0.052236 0.11854 0.16718 87
1.4871 0.83737 0.99861 66531 57366 163.65 163.97 612.93 0.10014 0.052236 0.11854 0.16718 88
1.4871 0.83737 0.99861 66531 57366 163.65 163.97 612.93 0.10014 0.052236 0.11854 0.16718 89
1.487 0.8372 0.99855 66601 57334 163.72 164.2 612.39 0.099572 0.052333 0.11818 0.16708 90
1.487 0.83719 0.99915 66719 57313 163.7 163.62 612.14 0.10042 0.052087 0.11829 0.16698 91
1.487 0.83719 0.99915 66719 57313 163.7 163.62 612.14 0.10042 0.052087 0.11829 0.16698 92
1.487 0.83719 0.99915 66719 57313 163.7 163.62 612.14 0.10042 0.052087 0.11829 0.16698 93
1.487 0.83719 0.99915 66719 57313 163.7 163.62 612.14 0.10042 0.052087 0.11829 0.16698 94
1.4867 0.83713 0.99919 66719 57296 163.39 163.57 612.04 0.10061 0.051734 0.1182 0.16693 95
1.4867 0.83713 0.99919 66719 57296 163.39 163.57 612.04 0.10061 0.051734 0.1182 0.16693 96
1.4867 0.83713 0.99919 66719 57296 163.39 163.57 612.04 0.10061 0.051734 0.1182 0.16693 97
1.4867 0.83713 0.99919 66719 57296 163.39 163.57 612.04 0.10061 0.051734 0.1182 0.16693 98
1.4867 0.83704 0.99963 66719 57284 163.69 163.38 611.71 0.10033 0.051595 0.11791 0.16678 99
1.4867 0.83705 0.99963 66719 57290 163.68 163.38 611.72 0.10048 0.051596 0.11791 0.16678 100
1.4867 0.83705 0.99963 66719 57290 163.68 163.38 611.72 0.10048 0.051596 0.11791 0.16678 101
1.4867 0.83705 0.99963 66719 57290 163.68 163.38 611.72 0.10047 0.051596 0.11791 0.16677 102
1.487 0.83722 0.99935 66664 57328 163.54 164.21 612.32 0.10011 0.051941 0.11816 0.16676 103
1.487 0.83722 0.99935 66664 57328 163.54 164.21 612.32 0.1001 0.051939 0.11816 0.16676 104
1.487 0.8371 0.99934 66705 57294 163.65 164.37 612.06 0.10032 0.051874 0.11799 0.16652 105
1.4871 0.83711 0.99931 66704 57295 163.64 164.47 612.09 0.10031 0.051902 0.118 0.1665 106
1.4871 0.83711 0.99931 66704 57295 163.64 164.48 612.09 0.1003 0.051905 0.118 0.1665 107
1.487 0.83714 0.99939 66701 57302 163.8 164.73 612.14 0.10085 0.052045 0.11821 0.16645 108
1.487 0.83714 0.99939 66701 57302 163.8 164.73 612.14 0.10085 0.052045 0.11821 0.16645 109
1.487 0.83714 0.99939 66701 57302 163.81 164.73 612.15 0.10083 0.052035 0.11821 0.16644 110
1.487 0.83714 0.99939 66701 57302 163.81 164.73 612.15 0.10083 0.052035 0.11821 0.16644 111
1.487 0.83714 0.99939 66701 57302 163.81 164.73 612.15 0.10083 0.052035 0.11821 0.16644 112
1.487 0.83714 0.99939 66701 57302 163.81 164.73 612.15 0.10083 0.052035 0.11821 0.16644 113
1.487 0.83714 0.99939 66701 57302 163.81 164.73 612.15 0.10083 0.052035 0.11821 0.16644 114
1.4868 0.83713 1.0007 66693 57300 164.3 165.16 612.11 0.10145 0.051854 0.11857 0.16635 115
1.4867 0.83713 0.99889 66647 57591 164.52 164.7 611.98 0.098074 0.051566 0.11761 0.16627 116
1.4867 0.83713 0.99889 66647 57591 164.52 164.7 611.98 0.098074 0.051566 0.11761 0.16627 117
1.4867 0.83713 0.99889 66647 57591 164.52 164.7 611.98 0.098074 0.051566 0.11761 0.16627 118
1.4867 0.83713 0.99889 66647 57591 164.52 164.7 611.98 0.098074 0.051566 0.11761 0.16627 119
1.4867 0.83713 0.99889 66647 57591 164.52 164.7 611.98 0.098074 0.051566 0.11761 0.16627 120
1.4867 0.83713 0.99889 66647 57591 164.52 164.7 611.98 0.098074 0.051566 0.11761 0.16627 121
1.4867 0.83713 0.99889 66647 57591 164.52 164.7 611.98 0.098074 0.051566 0.11761 0.16627 122
1.4867 0.83713 0.99889 66647 57591 164.52 164.7 611.98 0.098074 0.051566 0.11761 0.16627 123
1.4867 0.83713 0.99889 66647 57591 164.52 164.7 611.98 0.098074 0.051566 0.11761 0.16627 124
1.4867 0.83713 0.99889 66647 57591 164.52 164.7 611.98 0.098074 0.051566 0.11761 0.16627 125
1.4867 0.83713 0.99889 66647 57591 164.52 164.7 611.98 0.098074 0.051566 0.11761 0.16627 126
1.4867 0.83713 0.99889 66647 57591 164.52 164.7 611.98 0.098074 0.051566 0.11761 0.16627 127
1.4867 0.83713 0.99889 66647 57591 164.52 164.7 611.98 0.098074 0.051566 0.11761 0.16627 128
1.4867 0.83711 0.99909 66670 57574 164.48 164.7 611.78 0.099052 0.051519 0.11774 0.16625 129
1.4867 0.83716 0.99872 66703 57477 164.09 164.6 612.12 0.10289 0.051691 0.11454 0.1661 130
1.4867 0.83716 0.99872 66703 57477 164.09 164.6 612.12 0.10289 0.051691 0.11454 0.1661 131
1.4867 0.83716 0.99872 66704 57475 164.09 164.61 612.14 0.10299 0.051695 0.1147 0.16608 132
1.4867 0.83716 0.99872 66703 57475 164.09 164.6 612.14 0.10293 0.051696 0.11474 0.16602 133
1.4867 0.83716 0.99872 66703 57475 164.09 164.6 612.14 0.10292 0.051696 0.11475 0.16601 134
1.4867 0.83716 0.99872 66703 57475 164.09 164.6 612.14 0.10292 0.051696 0.11475 0.16601 135
1.4867 0.83716 0.99872 66703 57475 164.09 164.6 612.14 0.10292 0.051696 0.11475 0.16601 136
1.4867 0.83716 0.99872 66703 57475 164.09 164.6 612.14 0.10292 0.051696 0.11475 0.16601 137
1.4867 0.83716 0.99872 66703 57475 164.09 164.6 612.14 0.10292 0.051696 0.11475 0.16601 138
1.4867 0.83716 0.99872 66703 57475 164.09 164.6 612.14 0.10292 0.051696 0.11475 0.16601 139
1.4867 0.83716 0.99872 66703 57475 164.09 164.6 612.14 0.10292 0.051696 0.11475 0.16601 140
1.4867 0.83716 0.99872 66703 57475 164.09 164.6 612.14 0.10292 0.051696 0.11475 0.16601 141
1.4867 0.83716 0.99872 66703 57475 164.09 164.6 612.14 0.10292 0.051696 0.11475 0.16601 142
1.4867 0.83716 0.99872 66703 57475 164.09 164.6 612.14 0.10292 0.051696 0.11475 0.16601 143
1.4867 0.83716 0.99872 66703 57475 164.09 164.6 612.14 0.10292 0.051696 0.11475 0.16601 144
1.4867 0.83716 0.99872 66703 57475 164.09 164.6 612.14 0.10292 0.051696 0.11475 0.16601 145
1.4867 0.83716 0.99872 66703 57475 164.09 164.6 612.14 0.10292 0.051696 0.11475 0.16601 146
1.4864 0.83694 0.99877 66683 57289 164.49 164.44 612.17 0.10117 0.05126 0.11731 0.16583 147
1.4862 0.83689 0.99824 66719 57393 164.66 164.5 611.95 0.10343 0.051112 0.11744 0.16558 148
1.4862 0.83689 0.99824 66719 57393 164.66 164.5 611.95 0.10343 0.051112 0.11744 0.16558 149
1.4862 0.83689 0.99824 66719 57393 164.66 164.5 611.95 0.10343 0.051112 0.11744 0.16558 150
1.4862 0.83689 0.99824 66719 57393 164.66 164.5 611.95 0.10343 0.051112 0.11744 0.16558 151
1.4862 0.83689 0.99824 66719 57393 164.66 164.5 611.95 0.10343 0.051112 0.11744 0.16558 152
1.4862 0.83689 0.99824 66719 57393 164.66 164.5 611.95 0.10343 0.051112 0.11744 0.16558 153
1.4862 0.83689 0.99824 66719 57393 164.66 164.5 611.95 0.10343 0.051112 0.11744 0.16558 154
1.4862 0.83689 0.99824 66719 57393 164.66 164.5 611.95 0.10343 0.051112 0.11744 0.16558 155
1.4862 0.83689 0.99824 66719 57393 164.66 164.5 611.95 0.10343 0.051112 0.11744 0.16558 156
1.4862 0.83689 0.99824 66719 57393 164.66 164.5 611.95 0.10343 0.051112 0.11744 0.16558 157
1.4862 0.83689 0.99824 66719 57393 164.66 164.5 611.95 0.10343 0.051112 0.11744 0.16558 158
1.4862 0.83689 0.99824 66719 57393 164.66 164.5 611.95 0.10343 0.051112 0.11744 0.16558 159
1.4862 0.83689 0.99824 66719 57393 164.66 164.5 611.95 0.10343 0.051112 0.11744 0.16558 160
1.4862 0.83689 0.99824 66719 57393 164.66 164.5 611.95 0.10343 0.051112 0.11744 0.16558 161
1.4862 0.83689 0.99824 66719 57393 164.66 164.5 611.95 0.10343 0.051112 0.11744 0.16558 162
1.4862 0.83689 0.99824 66719 57393 164.66 164.5 611.95 0.10343 0.051112 0.11744 0.16558 163
1.4862 0.83689 0.99824 66719 57393 164.66 164.5 611.95 0.10343 0.051112 0.11744 0.16558 164
1.4862 0.83689 0.99824 66719 57393 164.66 164.5 611.95 0.10343 0.051112 0.11744 0.16558 165
1.4861 0.83692 0.99834 66719 57403 164.47 164.74 611.99 0.10338 0.051138 0.11663 0.16526 166
1.4861 0.83692 0.99834 66719 57403 164.47 164.74 611.99 0.10338 0.051138 0.11663 0.16526 167
1.4861 0.83692 0.99834 66719 57403 164.47 164.74 611.99 0.10338 0.051138 0.11663 0.16526 168
1.4861 0.83692 0.99834 66719 57403 164.47 164.74 611.99 0.10338 0.051148 0.11665 0.16526 169
1.4861 0.83692 0.99834 66719 57403 164.47 164.74 611.99 0.10338 0.05115 0.11665 0.16526 170
1.4861 0.83692 0.99834 66719 57403 164.47 164.74 611.99 0.10338 0.051151 0.11665 0.16526 171
1.4861 0.83692 0.99834 66719 57403 164.47 164.74 611.99 0.10338 0.051151 0.11665 0.16526 172
1.4861 0.83692 0.99834 66719 57403 164.47 164.74 611.99 0.10338 0.051151 0.11665 0.16526 173
1.4861 0.83692 0.99834 66719 57403 164.47 164.74 611.99 0.10338 0.051151 0.11665 0.16526 174
1.4861 0.83692 0.99834 66719 57403 164.47 164.74 611.99 0.10338 0.051151 0.11665 0.16526 175
1.4861 0.83692 0.99834 66719 57403 164.47 164.74 611.99 0.10338 0.051151 0.11665 0.16526 176
1.4861 0.83692 0.99834 66719 57403 164.47 164.74 611.99 0.10338 0.051151 0.11665 0.16526 177
1.4861 0.83692 0.99834 66719 57403 164.47 164.74 611.99 0.10338 0.051151 0.11665 0.16526 178
1.4861 0.83692 0.99834 66719 57403 164.47 164.74 611.99 0.10338 0.051151 0.11665 0.16526 179
1.4861 0.83692 0.99834 66719 57403 164.47 164.74 611.99 0.10338 0.051151 0.11665 0.16526 180
1.4861 0.83692 0.99834 66719 57403 164.47 164.74 611.99 0.10338 0.051151 0.11665 0.16526 181
1.4861 0.83692 0.99834 66719 57403 164.47 164.74 611.99 0.10338 0.051151 0.11665 0.16526 182
1.4861 0.83692 0.99834 66719 57403 164.47 164.74 611.99 0.10338 0.051151 0.11665 0.16526 183
1.4861 0.83692 0.99834 66719 57403 164.47 164.74 611.99 0.10338 0.051151 0.11665 0.16526 184
1.4861 0.83692 0.99834 66719 57403 164.47 164.74 611.99 0.10338 0.051151 0.11665 0.16526 185
1.4861 0.83692 0.99834 66719 57403 164.47 164.74 611.99 0.10338 0.051151 0.11665 0.16526 186
1.4861 0.83692 0.99834 66719 57403 164.47 164.74 611.99 0.10338 0.051151 0.11665 0.16526 187
1.4864 0.83693 0.99857 66711 57401 164.19 164.71 612 0.10321 0.050999 0.11686 0.16516 188
1.4864 0.83693 0.99857 66711 57401 164.19 164.71 612 0.10321 0.050999 0.11686 0.16516 189
1.4864 0.83693 0.99857 66711 57401 164.19 164.71 612 0.10321 0.050999 0.11686 0.16516 190
1.4864 0.83693 0.99857 66711 57401 164.19 164.71 612 0.10321 0.050999 0.11686 0.16516 191
1.4864 0.83693 0.99857 66711 57401 164.19 164.71 612 0.10321 0.050999 0.11686 0.16516 192
1.4864 0.83693 0.99857 66711 57401 164.19 164.71 612 0.10321 0.050999 0.11686 0.16516 193
1.4864 0.83693 0.99857 66711 57401 164.19 164.71 612 0.10321 0.050999 0.11686 0.16516 194
1.4864 0.83693 0.99857 66711 57401 164.19 164.71 612 0.10321 0.050999 0.11687 0.16516 195
1.4864 0.83693 0.99857 66711 57401 164.19 164.71 612 0.10321 0.050999 0.11687 0.16516 196
1.4864 0.83693 0.99861 66710 57401 164.18 164.72 612.01 0.10327 0.050986 0.11686 0.16514 197
1.4864 0.83693 0.9986 66711 57401 164.18 164.72 612 0.10327 0.050997 0.11686 0.16513 198
1.4864 0.83693 0.9986 66711 57401 164.16 164.72 612.01 0.10319 0.050998 0.11683 0.1651 199
1.4864 0.83693 0.9986 66711 57401 164.16 164.72 612.01 0.10316 0.051 0.11684 0.1651 200
1.4864 0.83693 0.9986 66711 57401 164.16 164.72 612.01 0.10316 0.051 0.11684 0.1651 201
1.4864 0.83693 0.9986 66711 57401 164.16 164.72 612.01 0.10316 0.051 0.11684 0.1651 202
1.4864 0.83693 0.9986 66711 57401 164.16 164.72 612.01 0.10316 0.051 0.11684 0.1651 203
1.4864 0.83693 0.9986 66711 57401 164.16 164.72 612.01 0.10316 0.051 0.11684 0.1651 204
1.4863 0.83693 0.99865 66710 57399 164.19 164.72 612.02 0.1033 0.050968 0.1167 0.16509 205
1.4863 0.83693 0.99865 66710 57399 164.19 164.72 612.02 0.1033 0.050968 0.1167 0.16509 206
1.4863 0.83693 0.99865 66710 57399 164.19 164.72 612.02 0.1033 0.050968 0.1167 0.16509 207
1.4863 0.83693 0.99865 66710 57399 164.19 164.72 612.02 0.1033 0.050968 0.1167 0.16509 208
1.4863 0.83693 0.99865 66710 57399 164.19 164.72 612.02 0.1033 0.050968 0.1167 0.16509 209
1.4863 0.83693 0.99865 66710 57399 164.19 164.72 612.02 0.1033 0.050968 0.1167 0.16509 210
1.4863 0.83693 0.99865 66710 57399 164.19 164.72 612.02 0.1033 0.050968 0.1167 0.16509 211
1.4863 0.83693 0.99865 66710 57399 164.19 164.72 612.02 0.1033 0.050968 0.1167 0.16509 212
1.4863 0.83693 0.99865 66710 57399 164.19 164.72 612.02 0.1033 0.050968 0.1167 0.16509 213
1.4863 0.83693 0.99865 66710 57399 164.19 164.72 612.02 0.1033 0.050968 0.1167 0.16509 214
1.4863 0.83693 0.99865 66710 57399 164.19 164.72 612.02 0.1033 0.050968 0.1167 0.16509 215
1.4864 0.8369 0.99868 66712 57401 164.28 164.67 612.03 0.10311 0.05073 0.11629 0.16503 216
1.4864 0.8369 0.99868 66712 57401 164.28 164.67 612.03 0.10311 0.05073 0.11629 0.16503 217
1.4864 0.8369 0.99868 66712 57401 164.28 164.67 612.03 0.10311 0.05073 0.11629 0.16503 218
1.4864 0.8369 0.99868 66712 57401 164.28 164.67 612.03 0.10311 0.05073 0.11629 0.16503 219
1.4864 0.8369 0.99868 66712 57401 164.28 164.67 612.03 0.10311 0.05073 0.11629 0.16503 220
1.4864 0.8369 0.99868 66712 57401 164.28 164.67 612.03 0.10311 0.05073 0.11629 0.16503 221
1.4864 0.8369 0.99868 66712 57401 164.28 164.67 612.03 0.10311 0.05073 0.11629 0.16503 222
1.4864 0.8369 0.99868 66712 57401 164.28 164.67 612.03 0.10311 0.05073 0.11629 0.16503 223
1.4864 0.8369 0.99868 66712 57401 164.28 164.67 612.03 0.10311 0.05073 0.11629 0.16503 224
1.4864 0.8369 0.99868 66712 57401 164.28 164.67 612.03 0.10311 0.05073 0.11629 0.16503 225
1.4864 0.8369 0.99868 66712 57401 164.28 164.67 612.03 0.1031 0.050737 0.11629 0.16499 226
1.4866 0.83692 0.99872 66715 57442 164.23 164.74 611.98 0.10298 0.050758 0.11669 0.16496 227
1.4865 0.83691 0.99865 66715 57452 164.25 164.73 611.97 0.10302 0.05072 0.11679 0.16487 228
1.4865 0.83691 0.99865 66715 57458 164.26 164.73 611.96 0.10299 0.050685 0.11681 0.16484 229
1.4865 0.83691 0.99865 66716 57458 164.26 164.73 611.96 0.10299 0.050682 0.11681 0.16484 230
1.4865 0.83691 0.99865 66716 57458 164.26 164.73 611.96 0.10299 0.050681 0.11681 0.16484 231
1.4865 0.83691 0.99865 66716 57458 164.26 164.73 611.96 0.10299 0.050681 0.11681 0.16484 232
1.4865 0.83691 0.99865 66716 57458 164.26 164.73 611.96 0.10299 0.050681 0.11681 0.16484 233
1.4865 0.83691 0.99865 66716 57458 164.26 164.73 611.96 0.10299 0.050681 0.11681 0.16484 234
1.4865 0.83691 0.99865 66716 57458 164.26 164.73 611.96 0.10299 0.050681 0.11681 0.16484 235
1.4865 0.83691 0.99865 66716 57458 164.26 164.73 611.96 0.10299 0.050681 0.11681 0.16484 236
1.4865 0.83691 0.99865 66716 57458 164.26 164.73 611.96 0.10299 0.050681 0.11681 0.16484 237
1.4865 0.83691 0.99865 66716 57458 164.26 164.73 611.96 0.10299 0.050681 0.11681 0.16484 238
1.4865 0.83691 0.99865 66716 57458 164.26 164.73 611.96 0.10299 0.050681 0.11681 0.16484 239
1.4865 0.83691 0.99865 66716 57458 164.26 164.73 611.96 0.10299 0.050681 0.11681 0.16484 240
1.4865 0.83691 0.99865 66716 57458 164.26 164.73 611.96 0.10299 0.050681 0.11681 0.16484 241
1.4865 0.83691 0.99865 66716 57458 164.26 164.73 611.96 0.10299 0.050681 0.11681 0.16484 242
1.4865 0.83691 0.99865 66716 57458 164.26 164.73 611.96 0.10299 0.050681 0.11681 0.16484 243
1.4865 0.83691 0.99865 66716 57458 164.26 164.73 611.96 0.10299 0.050681 0.11681 0.16484 244
1.4865 0.83691 0.99865 66716 57458 164.26 164.73 611.96 0.10299 0.050681 0.11681 0.16484 245
1.4865 0.83691 0.99865 66716 57458 164.26 164.73 611.96 0.10299 0.050681 0.11681 0.16484 246
1.4865 0.83691 0.99865 66716 57458 164.26 164.73 611.96 0.10299 0.050681 0.11681 0.16484 247
1.4865 0.83691 0.99865 66716 57458 164.26 164.73 611.96 0.10299 0.050681 0.11681 0.16484 248
1.4865 0.83691 0.99865 66716 57458 164.26 164.73 611.96 0.10299 0.050681 0.11681 0.16484 249
1.4865 0.83691 0.99865 66716 57458 164.26 164.73 611.96 0.10299 0.050681 0.11681 0.16484 249
