%%MatrixMarket matrix coordinate real general
%%  Created by MSM_TO_MM_COORDINATE_REAL_GENERAL.M
  202  202  600
  1  1  9543390.517668
  2  1  -16497528.333278
  3  1  6954137.815610
  2  2  65990113.333113
  4  2  -32995056.666556
  5  2  16497528.333278
  3  3  19086781.035336
  4  3  -16497528.333278
  5  3  6954137.815610
  4  4  65990113.333113
  6  4  -32995056.666556
  7  4  16497528.333278
  5  5  19086781.035336
  6  5  -16497528.333278
  7  5  6954137.815610
  6  6  65990113.333113
  8  6  -32995056.666556
  9  6  16497528.333278
  7  7  19086781.035336
  8  7  -16497528.333278
  9  7  6954137.815610
  8  8  65990113.333113
  10  8  -32995056.666556
  11  8  16497528.333278
  9  9  19086781.035336
  10  9  -16497528.333278
  11  9  6954137.815610
  10  10  65990113.333113
  12  10  -32995056.666556
  13  10  16497528.333278
  11  11  19086781.035336
  12  11  -16497528.333278
  13  11  6954137.815610
  12  12  65990113.333113
  14  12  -32995056.666556
  15  12  16497528.333278
  13  13  19086781.035336
  14  13  -16497528.333278
  15  13  6954137.815610
  14  14  65990113.333113
  16  14  -32995056.666556
  17  14  16497528.333278
  15  15  19086781.035336
  16  15  -16497528.333278
  17  15  6954137.815610
  16  16  65990113.333113
  18  16  -32995056.666556
  19  16  16497528.333278
  17  17  19086781.035336
  18  17  -16497528.333278
  19  17  6954137.815610
  18  18  65990113.333113
  20  18  -32995056.666556
  21  18  16497528.333278
  19  19  19086781.035336
  20  19  -16497528.333278
  21  19  6954137.815610
  20  20  65990113.333113
  22  20  -32995056.666556
  23  20  16497528.333278
  21  21  19086781.035336
  22  21  -16497528.333278
  23  21  6954137.815610
  22  22  65990113.333113
  24  22  -32995056.666556
  25  22  16497528.333278
  23  23  19086781.035336
  24  23  -16497528.333278
  25  23  6954137.815610
  24  24  65990113.333113
  26  24  -32995056.666556
  27  24  16497528.333278
  25  25  19086781.035336
  26  25  -16497528.333278
  27  25  6954137.815610
  26  26  65990113.333113
  28  26  -32995056.666556
  29  26  16497528.333278
  27  27  19086781.035336
  28  27  -16497528.333278
  29  27  6954137.815610
  28  28  65990113.333113
  30  28  -32995056.666556
  31  28  16497528.333278
  29  29  19086781.035336
  30  29  -16497528.333278
  31  29  6954137.815610
  30  30  65990113.333113
  32  30  -32995056.666556
  33  30  16497528.333278
  31  31  19086781.035336
  32  31  -16497528.333278
  33  31  6954137.815610
  32  32  65990113.333113
  34  32  -32995056.666556
  35  32  16497528.333278
  33  33  19086781.035336
  34  33  -16497528.333278
  35  33  6954137.815610
  34  34  65990113.333113
  36  34  -32995056.666556
  37  34  16497528.333278
  35  35  19086781.035336
  36  35  -16497528.333278
  37  35  6954137.815610
  36  36  65990113.333113
  38  36  -32995056.666556
  39  36  16497528.333278
  37  37  19086781.035336
  38  37  -16497528.333278
  39  37  6954137.815610
  38  38  65990135.063940
  40  38  -21.730827
  41  38  -32995056.666556
  42  38  16497528.333278
  39  39  19086781.035336
  41  39  -16497528.333278
  42  39  6954137.815610
  40  40  21.730827
  41  41  65990113.333113
  43  41  -32995056.666556
  44  41  16497528.333278
  42  42  19086781.035336
  43  42  -16497528.333278
  44  42  6954137.815610
  43  43  65990113.333113
  45  43  -32995056.666556
  46  43  16497528.333278
  44  44  19086781.035336
  45  44  -16497528.333278
  46  44  6954137.815610
  45  45  65990113.333113
  47  45  -32995056.666556
  48  45  16497528.333278
  46  46  19086781.035336
  47  46  -16497528.333278
  48  46  6954137.815610
  47  47  65990113.333113
  49  47  -32995056.666556
  50  47  16497528.333278
  48  48  19086781.035336
  49  48  -16497528.333278
  50  48  6954137.815610
  49  49  65990113.333113
  51  49  -32995056.666556
  52  49  16497528.333278
  50  50  19086781.035336
  51  50  -16497528.333278
  52  50  6954137.815610
  51  51  65990113.333113
  53  51  -32995056.666556
  54  51  16497528.333278
  52  52  19086781.035336
  53  52  -16497528.333278
  54  52  6954137.815610
  53  53  65990113.333113
  55  53  -32995056.666556
  56  53  16497528.333278
  54  54  19086781.035336
  55  54  -16497528.333278
  56  54  6954137.815610
  55  55  65990113.333113
  57  55  -32995056.666556
  58  55  16497528.333278
  56  56  19086781.035336
  57  56  -16497528.333278
  58  56  6954137.815610
  57  57  65990113.333113
  59  57  -32995056.666556
  60  57  16497528.333278
  58  58  19086781.035336
  59  58  -16497528.333278
  60  58  6954137.815610
  59  59  65990113.333113
  61  59  -32995056.666556
  62  59  16497528.333278
  60  60  19086781.035336
  61  60  -16497528.333278
  62  60  6954137.815610
  61  61  65990113.333113
  63  61  -32995056.666556
  64  61  16497528.333278
  62  62  19086781.035336
  63  62  -16497528.333278
  64  62  6954137.815610
  63  63  65990113.333113
  65  63  -32995056.666556
  66  63  16497528.333278
  64  64  19086781.035336
  65  64  -16497528.333278
  66  64  6954137.815610
  65  65  65990113.333113
  67  65  -32995056.666556
  68  65  16497528.333278
  66  66  19086781.035336
  67  66  -16497528.333278
  68  66  6954137.815610
  67  67  65990113.333113
  69  67  -32995056.666556
  70  67  16497528.333278
  68  68  19086781.035336
  69  68  -16497528.333278
  70  68  6954137.815610
  69  69  65990113.333113
  71  69  -32995056.666556
  72  69  16497528.333278
  70  70  19086781.035336
  71  70  -16497528.333278
  72  70  6954137.815610
  71  71  65990113.333113
  73  71  -32995056.666556
  74  71  16497528.333278
  72  72  19086781.035336
  73  72  -16497528.333278
  74  72  6954137.815610
  73  73  65990113.333113
  75  73  -32995056.666556
  76  73  16497528.333278
  74  74  19086781.035336
  75  74  -16497528.333278
  76  74  6954137.815610
  75  75  65990113.333113
  77  75  -32995056.666556
  78  75  16497528.333278
  76  76  19086781.035336
  77  76  -16497528.333278
  78  76  6954137.815610
  77  77  65990113.333113
  79  77  -32995056.666556
  80  77  16497528.333278
  78  78  19086781.035336
  79  78  -16497528.333278
  80  78  6954137.815610
  79  79  65990113.333113
  81  79  -32995056.666556
  82  79  16497528.333278
  80  80  19086781.035336
  81  80  -16497528.333278
  82  80  6954137.815610
  81  81  65990113.333113
  83  81  -32995056.666556
  84  81  16497528.333278
  82  82  19086781.035336
  83  82  -16497528.333278
  84  82  6954137.815610
  83  83  65990113.333113
  85  83  -32995056.666556
  86  83  16497528.333278
  84  84  19086781.035336
  85  84  -16497528.333278
  86  84  6954137.815610
  85  85  65990113.333113
  87  85  -32995056.666556
  88  85  16497528.333278
  86  86  19086781.035336
  87  86  -16497528.333278
  88  86  6954137.815610
  87  87  65990113.333113
  89  87  -32995056.666556
  90  87  16497528.333278
  88  88  19086781.035336
  89  88  -16497528.333278
  90  88  6954137.815610
  89  89  65990113.333113
  91  89  -32995056.666556
  92  89  16497528.333278
  90  90  19086781.035336
  91  90  -16497528.333278
  92  90  6954137.815610
  91  91  65990113.333113
  93  91  -32995056.666556
  94  91  16497528.333278
  92  92  19086781.035336
  93  92  -16497528.333278
  94  92  6954137.815610
  93  93  65990113.333113
  95  93  -32995056.666556
  96  93  16497528.333278
  94  94  19086781.035336
  95  94  -16497528.333278
  96  94  6954137.815610
  95  95  65990113.333113
  97  95  -32995056.666556
  98  95  16497528.333278
  96  96  19086781.035336
  97  96  -16497528.333278
  98  96  6954137.815610
  97  97  65990113.333113
  99  97  -32995056.666556
  100  97  16497528.333278
  98  98  19086781.035336
  99  98  -16497528.333278
  100  98  6954137.815610
  99  99  65990117.975534
  101  99  -4.642421
  102  99  -32995056.666556
  103  99  16497528.333278
  100  100  19086781.035336
  102  100  -16497528.333278
  103  100  6954137.815610
  101  101  4.642421
  102  102  65990113.333113
  104  102  -32995056.666556
  105  102  16497528.333278
  103  103  19086781.035336
  104  103  -16497528.333278
  105  103  6954137.815610
  104  104  65990113.333113
  106  104  -32995056.666556
  107  104  16497528.333278
  105  105  19086781.035336
  106  105  -16497528.333278
  107  105  6954137.815610
  106  106  65990113.333113
  108  106  -32995056.666556
  109  106  16497528.333278
  107  107  19086781.035336
  108  107  -16497528.333278
  109  107  6954137.815610
  108  108  65990113.333113
  110  108  -32995056.666556
  111  108  16497528.333278
  109  109  19086781.035336
  110  109  -16497528.333278
  111  109  6954137.815610
  110  110  65990113.333113
  112  110  -32995056.666556
  113  110  16497528.333278
  111  111  19086781.035336
  112  111  -16497528.333278
  113  111  6954137.815610
  112  112  65990113.333113
  114  112  -32995056.666556
  115  112  16497528.333278
  113  113  19086781.035336
  114  113  -16497528.333278
  115  113  6954137.815610
  114  114  65990113.333113
  116  114  -32995056.666556
  117  114  16497528.333278
  115  115  19086781.035336
  116  115  -16497528.333278
  117  115  6954137.815610
  116  116  65990113.333113
  118  116  -32995056.666556
  119  116  16497528.333278
  117  117  19086781.035336
  118  117  -16497528.333278
  119  117  6954137.815610
  118  118  65990113.333113
  120  118  -32995056.666556
  121  118  16497528.333278
  119  119  19086781.035336
  120  119  -16497528.333278
  121  119  6954137.815610
  120  120  65990113.333113
  122  120  -32995056.666556
  123  120  16497528.333278
  121  121  19086781.035336
  122  121  -16497528.333278
  123  121  6954137.815610
  122  122  65990113.333113
  124  122  -32995056.666556
  125  122  16497528.333278
  123  123  19086781.035336
  124  123  -16497528.333278
  125  123  6954137.815610
  124  124  65990113.333113
  126  124  -32995056.666556
  127  124  16497528.333278
  125  125  19086781.035336
  126  125  -16497528.333278
  127  125  6954137.815610
  126  126  65990113.333113
  128  126  -32995056.666556
  129  126  16497528.333278
  127  127  19086781.035336
  128  127  -16497528.333278
  129  127  6954137.815610
  128  128  65990113.333113
  130  128  -32995056.666556
  131  128  16497528.333278
  129  129  19086781.035336
  130  129  -16497528.333278
  131  129  6954137.815610
  130  130  65990113.333113
  132  130  -32995056.666556
  133  130  16497528.333278
  131  131  19086781.035336
  132  131  -16497528.333278
  133  131  6954137.815610
  132  132  65990113.333113
  134  132  -32995056.666556
  135  132  16497528.333278
  133  133  19086781.035336
  134  133  -16497528.333278
  135  133  6954137.815610
  134  134  65990113.333113
  136  134  -32995056.666556
  137  134  16497528.333278
  135  135  19086781.035336
  136  135  -16497528.333278
  137  135  6954137.815610
  136  136  65990113.333113
  138  136  -32995056.666556
  139  136  16497528.333278
  137  137  19086781.035336
  138  137  -16497528.333278
  139  137  6954137.815610
  138  138  65990113.333113
  140  138  -32995056.666556
  141  138  16497528.333278
  139  139  19086781.035336
  140  139  -16497528.333278
  141  139  6954137.815610
  140  140  65990113.333113
  142  140  -32995056.666556
  143  140  16497528.333278
  141  141  19086781.035336
  142  141  -16497528.333278
  143  141  6954137.815610
  142  142  65990113.333113
  144  142  -32995056.666556
  145  142  16497528.333278
  143  143  19086781.035336
  144  143  -16497528.333278
  145  143  6954137.815610
  144  144  65990113.333113
  146  144  -32995056.666556
  147  144  16497528.333278
  145  145  19086781.035336
  146  145  -16497528.333278
  147  145  6954137.815610
  146  146  65990113.333113
  148  146  -32995056.666556
  149  146  16497528.333278
  147  147  19086781.035336
  148  147  -16497528.333278
  149  147  6954137.815610
  148  148  65990113.333113
  150  148  -32995056.666556
  151  148  16497528.333278
  149  149  19086781.035336
  150  149  -16497528.333278
  151  149  6954137.815610
  150  150  65990113.333113
  152  150  -32995056.666556
  153  150  16497528.333278
  151  151  19086781.035336
  152  151  -16497528.333278
  153  151  6954137.815610
  152  152  65990113.333113
  154  152  -32995056.666556
  155  152  16497528.333278
  153  153  19086781.035336
  154  153  -16497528.333278
  155  153  6954137.815610
  154  154  65990113.333113
  156  154  -32995056.666556
  157  154  16497528.333278
  155  155  19086781.035336
  156  155  -16497528.333278
  157  155  6954137.815610
  156  156  65990113.333113
  158  156  -32995056.666556
  159  156  16497528.333278
  157  157  19086781.035336
  158  157  -16497528.333278
  159  157  6954137.815610
  158  158  65990113.333113
  160  158  -32995056.666556
  161  158  16497528.333278
  159  159  19086781.035336
  160  159  -16497528.333278
  161  159  6954137.815610
  160  160  65990113.333113
  162  160  -32995056.666556
  163  160  16497528.333278
  161  161  19086781.035336
  162  161  -16497528.333278
  163  161  6954137.815610
  162  162  65990113.333113
  164  162  -32995056.666556
  165  162  16497528.333278
  163  163  19086781.035336
  164  163  -16497528.333278
  165  163  6954137.815610
  164  164  65990113.333113
  166  164  -32995056.666556
  167  164  16497528.333278
  165  165  19086781.035336
  166  165  -16497528.333278
  167  165  6954137.815610
  166  166  65990113.333113
  168  166  -32995056.666556
  169  166  16497528.333278
  167  167  19086781.035336
  168  167  -16497528.333278
  169  167  6954137.815610
  168  168  65990113.333113
  170  168  -32995056.666556
  171  168  16497528.333278
  169  169  19086781.035336
  170  169  -16497528.333278
  171  169  6954137.815610
  170  170  65990113.333113
  172  170  -32995056.666556
  173  170  16497528.333278
  171  171  19086781.035336
  172  171  -16497528.333278
  173  171  6954137.815610
  172  172  65990113.333113
  174  172  -32995056.666556
  175  172  16497528.333278
  173  173  19086781.035336
  174  173  -16497528.333278
  175  173  6954137.815610
  174  174  65990113.333113
  176  174  -32995056.666556
  177  174  16497528.333278
  175  175  19086781.035336
  176  175  -16497528.333278
  177  175  6954137.815610
  176  176  65990113.333113
  178  176  -32995056.666556
  179  176  16497528.333278
  177  177  19086781.035336
  178  177  -16497528.333278
  179  177  6954137.815610
  178  178  65990113.333113
  180  178  -32995056.666556
  181  178  16497528.333278
  179  179  19086781.035336
  180  179  -16497528.333278
  181  179  6954137.815610
  180  180  65990113.333113
  182  180  -32995056.666556
  183  180  16497528.333278
  181  181  19086781.035336
  182  181  -16497528.333278
  183  181  6954137.815610
  182  182  65990113.333113
  184  182  -32995056.666556
  185  182  16497528.333278
  183  183  19086781.035336
  184  183  -16497528.333278
  185  183  6954137.815610
  184  184  65990113.333113
  186  184  -32995056.666556
  187  184  16497528.333278
  185  185  19086781.035336
  186  185  -16497528.333278
  187  185  6954137.815610
  186  186  65990113.333113
  188  186  -32995056.666556
  189  186  16497528.333278
  187  187  19086781.035336
  188  187  -16497528.333278
  189  187  6954137.815610
  188  188  65990113.333113
  190  188  -32995056.666556
  191  188  16497528.333278
  189  189  19086781.035336
  190  189  -16497528.333278
  191  189  6954137.815610
  190  190  65990113.333113
  192  190  -32995056.666556
  193  190  16497528.333278
  191  191  19086781.035336
  192  191  -16497528.333278
  193  191  6954137.815610
  192  192  65990113.333113
  194  192  -32995056.666556
  195  192  16497528.333278
  193  193  19086781.035336
  194  193  -16497528.333278
  195  193  6954137.815610
  194  194  65990113.333113
  196  194  -32995056.666556
  197  194  16497528.333278
  195  195  19086781.035336
  196  195  -16497528.333278
  197  195  6954137.815610
  196  196  65990113.333113
  198  196  -32995056.666556
  199  196  16497528.333278
  197  197  19086781.035336
  198  197  -16497528.333278
  199  197  6954137.815610
  198  198  65990113.333113
  200  198  -32995056.666556
  201  198  16497528.333278
  199  199  19086781.035336
  200  199  -16497528.333278
  201  199  6954137.815610
  200  200  65990113.333113
  202  200  16497528.333278
  201  201  19086781.035336
  202  201  6954137.815610
  202  202  9543390.517668
