%%MatrixMarket matrix coordinate real general
%%  Created by MSM_TO_MM_COORDINATE_REAL_GENERAL.M
  200  200  596
  1  1  4816884582.199531
  3  1  -2408442291.099760
  4  1  1204221145.549880
  199  1  -2408442291.099760
  200  1  -1204221145.549880
  2  2  1393221145.549880
  3  2  -1204221145.549880
  4  2  507610572.774941
  199  2  1204221145.549880
  200  2  507610572.774941
  3  3  4816884582.199531
  5  3  -2408442291.099760
  6  3  1204221145.549880
  4  4  1393221145.549880
  5  4  -1204221145.549880
  6  4  507610572.774941
  5  5  4816884582.199531
  7  5  -2408442291.099760
  8  5  1204221145.549880
  6  6  1393221145.549880
  7  6  -1204221145.549880
  8  6  507610572.774941
  7  7  4816884582.199531
  9  7  -2408442291.099760
  10  7  1204221145.549880
  8  8  1393221145.549880
  9  8  -1204221145.549880
  10  8  507610572.774941
  9  9  4816884582.199531
  11  9  -2408442291.099760
  12  9  1204221145.549880
  10  10  1393221145.549880
  11  10  -1204221145.549880
  12  10  507610572.774941
  11  11  4816884582.199531
  13  11  -2408442291.099760
  14  11  1204221145.549880
  12  12  1393221145.549880
  13  12  -1204221145.549880
  14  12  507610572.774941
  13  13  4816884582.199531
  15  13  -2408442291.099760
  16  13  1204221145.549880
  14  14  1393221145.549880
  15  14  -1204221145.549880
  16  14  507610572.774941
  15  15  4816884582.199531
  17  15  -2408442291.099760
  18  15  1204221145.549880
  16  16  1393221145.549880
  17  16  -1204221145.549880
  18  16  507610572.774941
  17  17  4816884582.199531
  19  17  -2408442291.099760
  20  17  1204221145.549880
  18  18  1393221145.549880
  19  18  -1204221145.549880
  20  18  507610572.774941
  19  19  4816884582.199531
  21  19  -2408442291.099760
  22  19  1204221145.549880
  20  20  1393221145.549880
  21  20  -1204221145.549880
  22  20  507610572.774941
  21  21  4816884582.199531
  23  21  -2408442291.099760
  24  21  1204221145.549880
  22  22  1393221145.549880
  23  22  -1204221145.549880
  24  22  507610572.774941
  23  23  4816884582.199531
  25  23  -2408442291.099760
  26  23  1204221145.549880
  24  24  1393221145.549880
  25  24  -1204221145.549880
  26  24  507610572.774941
  25  25  4816884582.199531
  27  25  -2408442291.099760
  28  25  1204221145.549880
  26  26  1393221145.549880
  27  26  -1204221145.549880
  28  26  507610572.774941
  27  27  4816884582.199531
  29  27  -2408442291.099760
  30  27  1204221145.549880
  28  28  1393221145.549880
  29  28  -1204221145.549880
  30  28  507610572.774941
  29  29  4816884582.199531
  31  29  -2408442291.099760
  32  29  1204221145.549880
  30  30  1393221145.549880
  31  30  -1204221145.549880
  32  30  507610572.774941
  31  31  4816884582.199531
  33  31  -2408442291.099760
  34  31  1204221145.549880
  32  32  1393221145.549880
  33  32  -1204221145.549880
  34  32  507610572.774941
  33  33  4816884582.199531
  35  33  -2408442291.099760
  36  33  1204221145.549880
  34  34  1393221145.549880
  35  34  -1204221145.549880
  36  34  507610572.774941
  35  35  4816884582.199531
  37  35  -2408442291.099760
  38  35  1204221145.549880
  36  36  1393221145.549880
  37  36  -1204221145.549880
  38  36  507610572.774941
  37  37  4816884582.199531
  39  37  -2408442291.099760
  40  37  1204221145.549880
  38  38  1393221145.549880
  39  38  -1204221145.549880
  40  38  507610572.774941
  39  39  4816884582.199531
  41  39  -2408442291.099760
  42  39  1204221145.549880
  40  40  1393221145.549880
  41  40  -1204221145.549880
  42  40  507610572.774941
  41  41  4816884582.199531
  43  41  -2408442291.099760
  44  41  1204221145.549880
  42  42  1393221145.549880
  43  42  -1204221145.549880
  44  42  507610572.774941
  43  43  4816884582.199531
  45  43  -2408442291.099760
  46  43  1204221145.549880
  44  44  1393221145.549880
  45  44  -1204221145.549880
  46  44  507610572.774941
  45  45  4816884582.199531
  47  45  -2408442291.099760
  48  45  1204221145.549880
  46  46  1393221145.549880
  47  46  -1204221145.549880
  48  46  507610572.774941
  47  47  4816884582.199531
  49  47  -2408442291.099760
  50  47  1204221145.549880
  48  48  1393221145.549880
  49  48  -1204221145.549880
  50  48  507610572.774941
  49  49  4816884582.199531
  51  49  -2408442291.099760
  52  49  1204221145.549880
  50  50  1393221145.549880
  51  50  -1204221145.549880
  52  50  507610572.774941
  51  51  4816884582.199531
  53  51  -2408442291.099760
  54  51  1204221145.549880
  52  52  1393221145.549880
  53  52  -1204221145.549880
  54  52  507610572.774941
  53  53  4816884582.199531
  55  53  -2408442291.099760
  56  53  1204221145.549880
  54  54  1393221145.549880
  55  54  -1204221145.549880
  56  54  507610572.774941
  55  55  4816884582.199531
  57  55  -2408442291.099760
  58  55  1204221145.549880
  56  56  1393221145.549880
  57  56  -1204221145.549880
  58  56  507610572.774941
  57  57  4816884582.199531
  59  57  -2408442291.099760
  60  57  1204221145.549880
  58  58  1393221145.549880
  59  58  -1204221145.549880
  60  58  507610572.774941
  59  59  4816884582.199531
  61  59  -2408442291.099760
  62  59  1204221145.549880
  60  60  1393221145.549880
  61  60  -1204221145.549880
  62  60  507610572.774941
  61  61  4816884582.199531
  63  61  -2408442291.099760
  64  61  1204221145.549880
  62  62  1393221145.549880
  63  62  -1204221145.549880
  64  62  507610572.774941
  63  63  4816884582.199531
  65  63  -2408442291.099760
  66  63  1204221145.549880
  64  64  1393221145.549880
  65  64  -1204221145.549880
  66  64  507610572.774941
  65  65  4816884582.199531
  67  65  -2408442291.099760
  68  65  1204221145.549880
  66  66  1393221145.549880
  67  66  -1204221145.549880
  68  66  507610572.774941
  67  67  4816884582.199531
  69  67  -2408442291.099760
  70  67  1204221145.549880
  68  68  1393221145.549880
  69  68  -1204221145.549880
  70  68  507610572.774941
  69  69  4816884582.199531
  71  69  -2408442291.099760
  72  69  1204221145.549880
  70  70  1393221145.549880
  71  70  -1204221145.549880
  72  70  507610572.774941
  71  71  4816884582.199531
  73  71  -2408442291.099760
  74  71  1204221145.549880
  72  72  1393221145.549880
  73  72  -1204221145.549880
  74  72  507610572.774941
  73  73  4816884582.199531
  75  73  -2408442291.099760
  76  73  1204221145.549880
  74  74  1393221145.549880
  75  74  -1204221145.549880
  76  74  507610572.774941
  75  75  4816884582.199531
  77  75  -2408442291.099760
  78  75  1204221145.549880
  76  76  1393221145.549880
  77  76  -1204221145.549880
  78  76  507610572.774941
  77  77  4816884582.199531
  79  77  -2408442291.099760
  80  77  1204221145.549880
  78  78  1393221145.549880
  79  78  -1204221145.549880
  80  78  507610572.774941
  79  79  4816884582.199531
  81  79  -2408442291.099760
  82  79  1204221145.549880
  80  80  1393221145.549880
  81  80  -1204221145.549880
  82  80  507610572.774941
  81  81  4816884582.199531
  83  81  -2408442291.099760
  84  81  1204221145.549880
  82  82  1393221145.549880
  83  82  -1204221145.549880
  84  82  507610572.774941
  83  83  4816884582.199531
  85  83  -2408442291.099760
  86  83  1204221145.549880
  84  84  1393221145.549880
  85  84  -1204221145.549880
  86  84  507610572.774941
  85  85  4816884582.199531
  87  85  -2408442291.099760
  88  85  1204221145.549880
  86  86  1393221145.549880
  87  86  -1204221145.549880
  88  86  507610572.774941
  87  87  4816884582.199531
  89  87  -2408442291.099760
  90  87  1204221145.549880
  88  88  1393221145.549880
  89  88  -1204221145.549880
  90  88  507610572.774941
  89  89  4816884582.199531
  91  89  -2408442291.099760
  92  89  1204221145.549880
  90  90  1393221145.549880
  91  90  -1204221145.549880
  92  90  507610572.774941
  91  91  4816884582.199531
  93  91  -2408442291.099760
  94  91  1204221145.549880
  92  92  1393221145.549880
  93  92  -1204221145.549880
  94  92  507610572.774941
  93  93  4816884582.199531
  95  93  -2408442291.099760
  96  93  1204221145.549880
  94  94  1393221145.549880
  95  94  -1204221145.549880
  96  94  507610572.774941
  95  95  4816884582.199531
  97  95  -2408442291.099760
  98  95  1204221145.549880
  96  96  1393221145.549880
  97  96  -1204221145.549880
  98  96  507610572.774941
  97  97  4816884582.199531
  99  97  -2408442291.099760
  100  97  1204221145.549880
  98  98  1393221145.549880
  99  98  -1204221145.549880
  100  98  507610572.774941
  99  99  4816884582.199531
  101  99  1204221145.549880
  100  100  1393221145.549880
  101  100  507610572.774941
  101  101  696610572.774941
  102  102  696610572.774941
  103  102  -1204221145.549880
  104  102  507610572.774941
  103  103  4816884582.199531
  105  103  -2408442291.099760
  106  103  1204221145.549880
  104  104  1393221145.549880
  105  104  -1204221145.549880
  106  104  507610572.774941
  105  105  4816884582.199531
  107  105  -2408442291.099760
  108  105  1204221145.549880
  106  106  1393221145.549880
  107  106  -1204221145.549880
  108  106  507610572.774941
  107  107  4816884582.199531
  109  107  -2408442291.099760
  110  107  1204221145.549880
  108  108  1393221145.549880
  109  108  -1204221145.549880
  110  108  507610572.774941
  109  109  4816884582.199531
  111  109  -2408442291.099760
  112  109  1204221145.549880
  110  110  1393221145.549880
  111  110  -1204221145.549880
  112  110  507610572.774941
  111  111  4816884582.199531
  113  111  -2408442291.099760
  114  111  1204221145.549880
  112  112  1393221145.549880
  113  112  -1204221145.549880
  114  112  507610572.774941
  113  113  4816884582.199531
  115  113  -2408442291.099760
  116  113  1204221145.549880
  114  114  1393221145.549880
  115  114  -1204221145.549880
  116  114  507610572.774941
  115  115  4816884582.199531
  117  115  -2408442291.099760
  118  115  1204221145.549880
  116  116  1393221145.549880
  117  116  -1204221145.549880
  118  116  507610572.774941
  117  117  4816884582.199531
  119  117  -2408442291.099760
  120  117  1204221145.549880
  118  118  1393221145.549880
  119  118  -1204221145.549880
  120  118  507610572.774941
  119  119  4816884582.199531
  121  119  -2408442291.099760
  122  119  1204221145.549880
  120  120  1393221145.549880
  121  120  -1204221145.549880
  122  120  507610572.774941
  121  121  4816884582.199531
  123  121  -2408442291.099760
  124  121  1204221145.549880
  122  122  1393221145.549880
  123  122  -1204221145.549880
  124  122  507610572.774941
  123  123  4816884582.199531
  125  123  -2408442291.099760
  126  123  1204221145.549880
  124  124  1393221145.549880
  125  124  -1204221145.549880
  126  124  507610572.774941
  125  125  4816884582.199531
  127  125  -2408442291.099760
  128  125  1204221145.549880
  126  126  1393221145.549880
  127  126  -1204221145.549880
  128  126  507610572.774941
  127  127  4816884582.199531
  129  127  -2408442291.099760
  130  127  1204221145.549880
  128  128  1393221145.549880
  129  128  -1204221145.549880
  130  128  507610572.774941
  129  129  4816884582.199531
  131  129  -2408442291.099760
  132  129  1204221145.549880
  130  130  1393221145.549880
  131  130  -1204221145.549880
  132  130  507610572.774941
  131  131  4816884582.199531
  133  131  -2408442291.099760
  134  131  1204221145.549880
  132  132  1393221145.549880
  133  132  -1204221145.549880
  134  132  507610572.774941
  133  133  4816884582.199531
  135  133  -2408442291.099760
  136  133  1204221145.549880
  134  134  1393221145.549880
  135  134  -1204221145.549880
  136  134  507610572.774941
  135  135  4816884582.199531
  137  135  -2408442291.099760
  138  135  1204221145.549880
  136  136  1393221145.549880
  137  136  -1204221145.549880
  138  136  507610572.774941
  137  137  4816884582.199531
  139  137  -2408442291.099760
  140  137  1204221145.549880
  138  138  1393221145.549880
  139  138  -1204221145.549880
  140  138  507610572.774941
  139  139  4816884582.199531
  141  139  -2408442291.099760
  142  139  1204221145.549880
  140  140  1393221145.549880
  141  140  -1204221145.549880
  142  140  507610572.774941
  141  141  4816884582.199531
  143  141  -2408442291.099760
  144  141  1204221145.549880
  142  142  1393221145.549880
  143  142  -1204221145.549880
  144  142  507610572.774941
  143  143  4816884582.199531
  145  143  -2408442291.099760
  146  143  1204221145.549880
  144  144  1393221145.549880
  145  144  -1204221145.549880
  146  144  507610572.774941
  145  145  4816884582.199531
  147  145  -2408442291.099760
  148  145  1204221145.549880
  146  146  1393221145.549880
  147  146  -1204221145.549880
  148  146  507610572.774941
  147  147  4816884582.199531
  149  147  -2408442291.099760
  150  147  1204221145.549880
  148  148  1393221145.549880
  149  148  -1204221145.549880
  150  148  507610572.774941
  149  149  4816884582.199531
  151  149  -2408442291.099760
  152  149  1204221145.549880
  150  150  1393221145.549880
  151  150  -1204221145.549880
  152  150  507610572.774941
  151  151  4816884582.199531
  153  151  -2408442291.099760
  154  151  1204221145.549880
  152  152  1393221145.549880
  153  152  -1204221145.549880
  154  152  507610572.774941
  153  153  4816884582.199531
  155  153  -2408442291.099760
  156  153  1204221145.549880
  154  154  1393221145.549880
  155  154  -1204221145.549880
  156  154  507610572.774941
  155  155  4816884582.199531
  157  155  -2408442291.099760
  158  155  1204221145.549880
  156  156  1393221145.549880
  157  156  -1204221145.549880
  158  156  507610572.774941
  157  157  4816884582.199531
  159  157  -2408442291.099760
  160  157  1204221145.549880
  158  158  1393221145.549880
  159  158  -1204221145.549880
  160  158  507610572.774941
  159  159  4816884582.199531
  161  159  -2408442291.099760
  162  159  1204221145.549880
  160  160  1393221145.549880
  161  160  -1204221145.549880
  162  160  507610572.774941
  161  161  4816884582.199531
  163  161  -2408442291.099760
  164  161  1204221145.549880
  162  162  1393221145.549880
  163  162  -1204221145.549880
  164  162  507610572.774941
  163  163  4816884582.199531
  165  163  -2408442291.099760
  166  163  1204221145.549880
  164  164  1393221145.549880
  165  164  -1204221145.549880
  166  164  507610572.774941
  165  165  4816884582.199531
  167  165  -2408442291.099760
  168  165  1204221145.549880
  166  166  1393221145.549880
  167  166  -1204221145.549880
  168  166  507610572.774941
  167  167  4816884582.199531
  169  167  -2408442291.099760
  170  167  1204221145.549880
  168  168  1393221145.549880
  169  168  -1204221145.549880
  170  168  507610572.774941
  169  169  4816884582.199531
  171  169  -2408442291.099760
  172  169  1204221145.549880
  170  170  1393221145.549880
  171  170  -1204221145.549880
  172  170  507610572.774941
  171  171  4816884582.199531
  173  171  -2408442291.099760
  174  171  1204221145.549880
  172  172  1393221145.549880
  173  172  -1204221145.549880
  174  172  507610572.774941
  173  173  4816884582.199531
  175  173  -2408442291.099760
  176  173  1204221145.549880
  174  174  1393221145.549880
  175  174  -1204221145.549880
  176  174  507610572.774941
  175  175  4816884582.199531
  177  175  -2408442291.099760
  178  175  1204221145.549880
  176  176  1393221145.549880
  177  176  -1204221145.549880
  178  176  507610572.774941
  177  177  4816884582.199531
  179  177  -2408442291.099760
  180  177  1204221145.549880
  178  178  1393221145.549880
  179  178  -1204221145.549880
  180  178  507610572.774941
  179  179  4816884582.199531
  181  179  -2408442291.099760
  182  179  1204221145.549880
  180  180  1393221145.549880
  181  180  -1204221145.549880
  182  180  507610572.774941
  181  181  4816884582.199531
  183  181  -2408442291.099760
  184  181  1204221145.549880
  182  182  1393221145.549880
  183  182  -1204221145.549880
  184  182  507610572.774941
  183  183  4816884582.199531
  185  183  -2408442291.099760
  186  183  1204221145.549880
  184  184  1393221145.549880
  185  184  -1204221145.549880
  186  184  507610572.774941
  185  185  4816884582.199531
  187  185  -2408442291.099760
  188  185  1204221145.549880
  186  186  1393221145.549880
  187  186  -1204221145.549880
  188  186  507610572.774941
  187  187  4816884582.199531
  189  187  -2408442291.099760
  190  187  1204221145.549880
  188  188  1393221145.549880
  189  188  -1204221145.549880
  190  188  507610572.774941
  189  189  4816884582.199531
  191  189  -2408442291.099760
  192  189  1204221145.549880
  190  190  1393221145.549880
  191  190  -1204221145.549880
  192  190  507610572.774941
  191  191  4816884582.199531
  193  191  -2408442291.099760
  194  191  1204221145.549880
  192  192  1393221145.549880
  193  192  -1204221145.549880
  194  192  507610572.774941
  193  193  4816884582.199531
  195  193  -2408442291.099760
  196  193  1204221145.549880
  194  194  1393221145.549880
  195  194  -1204221145.549880
  196  194  507610572.774941
  195  195  4816884582.199531
  197  195  -2408442291.099760
  198  195  1204221145.549880
  196  196  1393221145.549880
  197  196  -1204221145.549880
  198  196  507610572.774941
  197  197  4816884582.199531
  199  197  -2408442291.099760
  200  197  1204221145.549880
  198  198  1393221145.549880
  199  198  -1204221145.549880
  200  198  507610572.774941
  199  199  4816884582.199531
  200  200  1393221145.549880
