%%MatrixMarket matrix coordinate real general
%%  Created by MSM_TO_MM_COORDINATE_REAL_GENERAL.M
  202  202  596
  1  1  696610572.774941
  2  1  -1204221145.549880
  3  1  507610572.774941
  2  2  4816884582.199531
  4  2  -2408442291.099760
  5  2  1204221145.549880
  3  3  1393221145.549880
  4  3  -1204221145.549880
  5  3  507610572.774941
  4  4  4816884582.199531
  6  4  -2408442291.099760
  7  4  1204221145.549880
  5  5  1393221145.549880
  6  5  -1204221145.549880
  7  5  507610572.774941
  6  6  4816884582.199531
  8  6  -2408442291.099760
  9  6  1204221145.549880
  7  7  1393221145.549880
  8  7  -1204221145.549880
  9  7  507610572.774941
  8  8  4816884582.199531
  10  8  -2408442291.099760
  11  8  1204221145.549880
  9  9  1393221145.549880
  10  9  -1204221145.549880
  11  9  507610572.774941
  10  10  4816884582.199531
  12  10  -2408442291.099760
  13  10  1204221145.549880
  11  11  1393221145.549880
  12  11  -1204221145.549880
  13  11  507610572.774941
  12  12  4816884582.199531
  14  12  -2408442291.099760
  15  12  1204221145.549880
  13  13  1393221145.549880
  14  13  -1204221145.549880
  15  13  507610572.774941
  14  14  4816884582.199531
  16  14  -2408442291.099760
  17  14  1204221145.549880
  15  15  1393221145.549880
  16  15  -1204221145.549880
  17  15  507610572.774941
  16  16  4816884582.199531
  18  16  -2408442291.099760
  19  16  1204221145.549880
  17  17  1393221145.549880
  18  17  -1204221145.549880
  19  17  507610572.774941
  18  18  4816884582.199531
  20  18  -2408442291.099760
  21  18  1204221145.549880
  19  19  1393221145.549880
  20  19  -1204221145.549880
  21  19  507610572.774941
  20  20  4816884582.199531
  22  20  -2408442291.099760
  23  20  1204221145.549880
  21  21  1393221145.549880
  22  21  -1204221145.549880
  23  21  507610572.774941
  22  22  4816884582.199531
  24  22  -2408442291.099760
  25  22  1204221145.549880
  23  23  1393221145.549880
  24  23  -1204221145.549880
  25  23  507610572.774941
  24  24  4816884582.199531
  26  24  -2408442291.099760
  27  24  1204221145.549880
  25  25  1393221145.549880
  26  25  -1204221145.549880
  27  25  507610572.774941
  26  26  4816884582.199531
  28  26  -2408442291.099760
  29  26  1204221145.549880
  27  27  1393221145.549880
  28  27  -1204221145.549880
  29  27  507610572.774941
  28  28  4816884582.199531
  30  28  -2408442291.099760
  31  28  1204221145.549880
  29  29  1393221145.549880
  30  29  -1204221145.549880
  31  29  507610572.774941
  30  30  4816884582.199531
  32  30  -2408442291.099760
  33  30  1204221145.549880
  31  31  1393221145.549880
  32  31  -1204221145.549880
  33  31  507610572.774941
  32  32  4816884582.199531
  34  32  -2408442291.099760
  35  32  1204221145.549880
  33  33  1393221145.549880
  34  33  -1204221145.549880
  35  33  507610572.774941
  34  34  4816884582.199531
  36  34  -2408442291.099760
  37  34  1204221145.549880
  35  35  1393221145.549880
  36  35  -1204221145.549880
  37  35  507610572.774941
  36  36  4816884582.199531
  38  36  -2408442291.099760
  39  36  1204221145.549880
  37  37  1393221145.549880
  38  37  -1204221145.549880
  39  37  507610572.774941
  38  38  4816884582.199531
  41  38  -2408442291.099760
  42  38  1204221145.549880
  39  39  1393221145.549880
  41  39  -1204221145.549880
  42  39  507610572.774941
  41  41  4816884582.199531
  43  41  -2408442291.099760
  44  41  1204221145.549880
  42  42  1393221145.549880
  43  42  -1204221145.549880
  44  42  507610572.774941
  43  43  4816884582.199531
  45  43  -2408442291.099760
  46  43  1204221145.549880
  44  44  1393221145.549880
  45  44  -1204221145.549880
  46  44  507610572.774941
  45  45  4816884582.199531
  47  45  -2408442291.099760
  48  45  1204221145.549880
  46  46  1393221145.549880
  47  46  -1204221145.549880
  48  46  507610572.774941
  47  47  4816884582.199531
  49  47  -2408442291.099760
  50  47  1204221145.549880
  48  48  1393221145.549880
  49  48  -1204221145.549880
  50  48  507610572.774941
  49  49  4816884582.199531
  51  49  -2408442291.099760
  52  49  1204221145.549880
  50  50  1393221145.549880
  51  50  -1204221145.549880
  52  50  507610572.774941
  51  51  4816884582.199531
  53  51  -2408442291.099760
  54  51  1204221145.549880
  52  52  1393221145.549880
  53  52  -1204221145.549880
  54  52  507610572.774941
  53  53  4816884582.199531
  55  53  -2408442291.099760
  56  53  1204221145.549880
  54  54  1393221145.549880
  55  54  -1204221145.549880
  56  54  507610572.774941
  55  55  4816884582.199531
  57  55  -2408442291.099760
  58  55  1204221145.549880
  56  56  1393221145.549880
  57  56  -1204221145.549880
  58  56  507610572.774941
  57  57  4816884582.199531
  59  57  -2408442291.099760
  60  57  1204221145.549880
  58  58  1393221145.549880
  59  58  -1204221145.549880
  60  58  507610572.774941
  59  59  4816884582.199531
  61  59  -2408442291.099760
  62  59  1204221145.549880
  60  60  1393221145.549880
  61  60  -1204221145.549880
  62  60  507610572.774941
  61  61  4816884582.199531
  63  61  -2408442291.099760
  64  61  1204221145.549880
  62  62  1393221145.549880
  63  62  -1204221145.549880
  64  62  507610572.774941
  63  63  4816884582.199531
  65  63  -2408442291.099760
  66  63  1204221145.549880
  64  64  1393221145.549880
  65  64  -1204221145.549880
  66  64  507610572.774941
  65  65  4816884582.199531
  67  65  -2408442291.099760
  68  65  1204221145.549880
  66  66  1393221145.549880
  67  66  -1204221145.549880
  68  66  507610572.774941
  67  67  4816884582.199531
  69  67  -2408442291.099760
  70  67  1204221145.549880
  68  68  1393221145.549880
  69  68  -1204221145.549880
  70  68  507610572.774941
  69  69  4816884582.199531
  71  69  -2408442291.099760
  72  69  1204221145.549880
  70  70  1393221145.549880
  71  70  -1204221145.549880
  72  70  507610572.774941
  71  71  4816884582.199531
  73  71  -2408442291.099760
  74  71  1204221145.549880
  72  72  1393221145.549880
  73  72  -1204221145.549880
  74  72  507610572.774941
  73  73  4816884582.199531
  75  73  -2408442291.099760
  76  73  1204221145.549880
  74  74  1393221145.549880
  75  74  -1204221145.549880
  76  74  507610572.774941
  75  75  4816884582.199531
  77  75  -2408442291.099760
  78  75  1204221145.549880
  76  76  1393221145.549880
  77  76  -1204221145.549880
  78  76  507610572.774941
  77  77  4816884582.199531
  79  77  -2408442291.099760
  80  77  1204221145.549880
  78  78  1393221145.549880
  79  78  -1204221145.549880
  80  78  507610572.774941
  79  79  4816884582.199531
  81  79  -2408442291.099760
  82  79  1204221145.549880
  80  80  1393221145.549880
  81  80  -1204221145.549880
  82  80  507610572.774941
  81  81  4816884582.199531
  83  81  -2408442291.099760
  84  81  1204221145.549880
  82  82  1393221145.549880
  83  82  -1204221145.549880
  84  82  507610572.774941
  83  83  4816884582.199531
  85  83  -2408442291.099760
  86  83  1204221145.549880
  84  84  1393221145.549880
  85  84  -1204221145.549880
  86  84  507610572.774941
  85  85  4816884582.199531
  87  85  -2408442291.099760
  88  85  1204221145.549880
  86  86  1393221145.549880
  87  86  -1204221145.549880
  88  86  507610572.774941
  87  87  4816884582.199531
  89  87  -2408442291.099760
  90  87  1204221145.549880
  88  88  1393221145.549880
  89  88  -1204221145.549880
  90  88  507610572.774941
  89  89  4816884582.199531
  91  89  -2408442291.099760
  92  89  1204221145.549880
  90  90  1393221145.549880
  91  90  -1204221145.549880
  92  90  507610572.774941
  91  91  4816884582.199531
  93  91  -2408442291.099760
  94  91  1204221145.549880
  92  92  1393221145.549880
  93  92  -1204221145.549880
  94  92  507610572.774941
  93  93  4816884582.199531
  95  93  -2408442291.099760
  96  93  1204221145.549880
  94  94  1393221145.549880
  95  94  -1204221145.549880
  96  94  507610572.774941
  95  95  4816884582.199531
  97  95  -2408442291.099760
  98  95  1204221145.549880
  96  96  1393221145.549880
  97  96  -1204221145.549880
  98  96  507610572.774941
  97  97  4816884582.199531
  99  97  -2408442291.099760
  100  97  1204221145.549880
  98  98  1393221145.549880
  99  98  -1204221145.549880
  100  98  507610572.774941
  99  99  4816884582.199531
  102  99  -2408442291.099760
  103  99  1204221145.549880
  100  100  1393221145.549880
  102  100  -1204221145.549880
  103  100  507610572.774941
  102  102  4816884582.199531
  104  102  -2408442291.099760
  105  102  1204221145.549880
  103  103  1393221145.549880
  104  103  -1204221145.549880
  105  103  507610572.774941
  104  104  4816884582.199531
  106  104  -2408442291.099760
  107  104  1204221145.549880
  105  105  1393221145.549880
  106  105  -1204221145.549880
  107  105  507610572.774941
  106  106  4816884582.199531
  108  106  -2408442291.099760
  109  106  1204221145.549880
  107  107  1393221145.549880
  108  107  -1204221145.549880
  109  107  507610572.774941
  108  108  4816884582.199531
  110  108  -2408442291.099760
  111  108  1204221145.549880
  109  109  1393221145.549880
  110  109  -1204221145.549880
  111  109  507610572.774941
  110  110  4816884582.199531
  112  110  -2408442291.099760
  113  110  1204221145.549880
  111  111  1393221145.549880
  112  111  -1204221145.549880
  113  111  507610572.774941
  112  112  4816884582.199531
  114  112  -2408442291.099760
  115  112  1204221145.549880
  113  113  1393221145.549880
  114  113  -1204221145.549880
  115  113  507610572.774941
  114  114  4816884582.199531
  116  114  -2408442291.099760
  117  114  1204221145.549880
  115  115  1393221145.549880
  116  115  -1204221145.549880
  117  115  507610572.774941
  116  116  4816884582.199531
  118  116  -2408442291.099760
  119  116  1204221145.549880
  117  117  1393221145.549880
  118  117  -1204221145.549880
  119  117  507610572.774941
  118  118  4816884582.199531
  120  118  -2408442291.099760
  121  118  1204221145.549880
  119  119  1393221145.549880
  120  119  -1204221145.549880
  121  119  507610572.774941
  120  120  4816884582.199531
  122  120  -2408442291.099760
  123  120  1204221145.549880
  121  121  1393221145.549880
  122  121  -1204221145.549880
  123  121  507610572.774941
  122  122  4816884582.199531
  124  122  -2408442291.099760
  125  122  1204221145.549880
  123  123  1393221145.549880
  124  123  -1204221145.549880
  125  123  507610572.774941
  124  124  4816884582.199531
  126  124  -2408442291.099760
  127  124  1204221145.549880
  125  125  1393221145.549880
  126  125  -1204221145.549880
  127  125  507610572.774941
  126  126  4816884582.199531
  128  126  -2408442291.099760
  129  126  1204221145.549880
  127  127  1393221145.549880
  128  127  -1204221145.549880
  129  127  507610572.774941
  128  128  4816884582.199531
  130  128  -2408442291.099760
  131  128  1204221145.549880
  129  129  1393221145.549880
  130  129  -1204221145.549880
  131  129  507610572.774941
  130  130  4816884582.199531
  132  130  -2408442291.099760
  133  130  1204221145.549880
  131  131  1393221145.549880
  132  131  -1204221145.549880
  133  131  507610572.774941
  132  132  4816884582.199531
  134  132  -2408442291.099760
  135  132  1204221145.549880
  133  133  1393221145.549880
  134  133  -1204221145.549880
  135  133  507610572.774941
  134  134  4816884582.199531
  136  134  -2408442291.099760
  137  134  1204221145.549880
  135  135  1393221145.549880
  136  135  -1204221145.549880
  137  135  507610572.774941
  136  136  4816884582.199531
  138  136  -2408442291.099760
  139  136  1204221145.549880
  137  137  1393221145.549880
  138  137  -1204221145.549880
  139  137  507610572.774941
  138  138  4816884582.199531
  140  138  -2408442291.099760
  141  138  1204221145.549880
  139  139  1393221145.549880
  140  139  -1204221145.549880
  141  139  507610572.774941
  140  140  4816884582.199531
  142  140  -2408442291.099760
  143  140  1204221145.549880
  141  141  1393221145.549880
  142  141  -1204221145.549880
  143  141  507610572.774941
  142  142  4816884582.199531
  144  142  -2408442291.099760
  145  142  1204221145.549880
  143  143  1393221145.549880
  144  143  -1204221145.549880
  145  143  507610572.774941
  144  144  4816884582.199531
  146  144  -2408442291.099760
  147  144  1204221145.549880
  145  145  1393221145.549880
  146  145  -1204221145.549880
  147  145  507610572.774941
  146  146  4816884582.199531
  148  146  -2408442291.099760
  149  146  1204221145.549880
  147  147  1393221145.549880
  148  147  -1204221145.549880
  149  147  507610572.774941
  148  148  4816884582.199531
  150  148  -2408442291.099760
  151  148  1204221145.549880
  149  149  1393221145.549880
  150  149  -1204221145.549880
  151  149  507610572.774941
  150  150  4816884582.199531
  152  150  -2408442291.099760
  153  150  1204221145.549880
  151  151  1393221145.549880
  152  151  -1204221145.549880
  153  151  507610572.774941
  152  152  4816884582.199531
  154  152  -2408442291.099760
  155  152  1204221145.549880
  153  153  1393221145.549880
  154  153  -1204221145.549880
  155  153  507610572.774941
  154  154  4816884582.199531
  156  154  -2408442291.099760
  157  154  1204221145.549880
  155  155  1393221145.549880
  156  155  -1204221145.549880
  157  155  507610572.774941
  156  156  4816884582.199531
  158  156  -2408442291.099760
  159  156  1204221145.549880
  157  157  1393221145.549880
  158  157  -1204221145.549880
  159  157  507610572.774941
  158  158  4816884582.199531
  160  158  -2408442291.099760
  161  158  1204221145.549880
  159  159  1393221145.549880
  160  159  -1204221145.549880
  161  159  507610572.774941
  160  160  4816884582.199531
  162  160  -2408442291.099760
  163  160  1204221145.549880
  161  161  1393221145.549880
  162  161  -1204221145.549880
  163  161  507610572.774941
  162  162  4816884582.199531
  164  162  -2408442291.099760
  165  162  1204221145.549880
  163  163  1393221145.549880
  164  163  -1204221145.549880
  165  163  507610572.774941
  164  164  4816884582.199531
  166  164  -2408442291.099760
  167  164  1204221145.549880
  165  165  1393221145.549880
  166  165  -1204221145.549880
  167  165  507610572.774941
  166  166  4816884582.199531
  168  166  -2408442291.099760
  169  166  1204221145.549880
  167  167  1393221145.549880
  168  167  -1204221145.549880
  169  167  507610572.774941
  168  168  4816884582.199531
  170  168  -2408442291.099760
  171  168  1204221145.549880
  169  169  1393221145.549880
  170  169  -1204221145.549880
  171  169  507610572.774941
  170  170  4816884582.199531
  172  170  -2408442291.099760
  173  170  1204221145.549880
  171  171  1393221145.549880
  172  171  -1204221145.549880
  173  171  507610572.774941
  172  172  4816884582.199531
  174  172  -2408442291.099760
  175  172  1204221145.549880
  173  173  1393221145.549880
  174  173  -1204221145.549880
  175  173  507610572.774941
  174  174  4816884582.199531
  176  174  -2408442291.099760
  177  174  1204221145.549880
  175  175  1393221145.549880
  176  175  -1204221145.549880
  177  175  507610572.774941
  176  176  4816884582.199531
  178  176  -2408442291.099760
  179  176  1204221145.549880
  177  177  1393221145.549880
  178  177  -1204221145.549880
  179  177  507610572.774941
  178  178  4816884582.199531
  180  178  -2408442291.099760
  181  178  1204221145.549880
  179  179  1393221145.549880
  180  179  -1204221145.549880
  181  179  507610572.774941
  180  180  4816884582.199531
  182  180  -2408442291.099760
  183  180  1204221145.549880
  181  181  1393221145.549880
  182  181  -1204221145.549880
  183  181  507610572.774941
  182  182  4816884582.199531
  184  182  -2408442291.099760
  185  182  1204221145.549880
  183  183  1393221145.549880
  184  183  -1204221145.549880
  185  183  507610572.774941
  184  184  4816884582.199531
  186  184  -2408442291.099760
  187  184  1204221145.549880
  185  185  1393221145.549880
  186  185  -1204221145.549880
  187  185  507610572.774941
  186  186  4816884582.199531
  188  186  -2408442291.099760
  189  186  1204221145.549880
  187  187  1393221145.549880
  188  187  -1204221145.549880
  189  187  507610572.774941
  188  188  4816884582.199531
  190  188  -2408442291.099760
  191  188  1204221145.549880
  189  189  1393221145.549880
  190  189  -1204221145.549880
  191  189  507610572.774941
  190  190  4816884582.199531
  192  190  -2408442291.099760
  193  190  1204221145.549880
  191  191  1393221145.549880
  192  191  -1204221145.549880
  193  191  507610572.774941
  192  192  4816884582.199531
  194  192  -2408442291.099760
  195  192  1204221145.549880
  193  193  1393221145.549880
  194  193  -1204221145.549880
  195  193  507610572.774941
  194  194  4816884582.199531
  196  194  -2408442291.099760
  197  194  1204221145.549880
  195  195  1393221145.549880
  196  195  -1204221145.549880
  197  195  507610572.774941
  196  196  4816884582.199531
  198  196  -2408442291.099760
  199  196  1204221145.549880
  197  197  1393221145.549880
  198  197  -1204221145.549880
  199  197  507610572.774941
  198  198  4816884582.199531
  200  198  -2408442291.099760
  201  198  1204221145.549880
  199  199  1393221145.549880
  200  199  -1204221145.549880
  201  199  507610572.774941
  200  200  4816884582.199531
  202  200  1204221145.549880
  201  201  1393221145.549880
  202  201  507610572.774941
  202  202  696610572.774941
