节点位移:      50.0000
   0.0    0.000E+00
   0.0    0.000E+00
   0.0    0.000E+00
   0.0    0.000E+00
   0.0    0.000E+00
   0.0    0.000E+00
   0.0    0.000E+00
   0.0    0.000E+00
   0.0    0.000E+00
   0.0    0.000E+00
   0.0    0.000E+00
   0.0    0.000E+00
   0.0    0.000E+00
   0.0    0.000E+00
   0.0    0.000E+00
   0.0    0.000E+00
   0.0    0.000E+00
   0.0    0.000E+00
   0.0    0.000E+00
   0.0    0.000E+00
   0.0    0.000E+00
   0.0    0.000E+00
   0.0    0.000E+00
   0.0    0.000E+00
   0.0    0.000E+00
   0.1    0.149E-07
   0.2    0.888E-07
   0.3    0.280E-06
   0.4    0.647E-06
   0.5    0.125E-05
   0.6    0.214E-05
   0.7    0.337E-05
   0.8    0.500E-05
   0.9    0.709E-05
   1.0    0.968E-05
   1.1    0.128E-04
   1.2    0.165E-04
   1.3    0.209E-04
   1.4    0.260E-04
   1.5    0.318E-04
   1.6    0.383E-04
   1.7    0.456E-04
   1.8    0.538E-04
   1.9    0.628E-04
   2.0    0.726E-04
   2.1    0.834E-04
   2.2    0.951E-04
   2.3    0.108E-03
   2.4    0.121E-03
   2.5    0.136E-03
   2.6    0.151E-03
   2.7    0.167E-03
   2.8    0.184E-03
   2.9    0.203E-03
   3.0    0.222E-03
   3.1    0.241E-03
   3.2    0.262E-03
   3.3    0.284E-03
   3.4    0.306E-03
   3.5    0.329E-03
   3.6    0.353E-03
   3.7    0.377E-03
   3.8    0.402E-03
   3.9    0.428E-03
   4.0    0.454E-03
   4.1    0.481E-03
   4.2    0.507E-03
   4.3    0.535E-03
   4.4    0.562E-03
   4.5    0.590E-03
   4.6    0.618E-03
   4.7    0.645E-03
   4.8    0.673E-03
   4.9    0.701E-03
   5.0    0.728E-03
   5.1    0.755E-03
   5.2    0.782E-03
   5.3    0.808E-03
   5.4    0.834E-03
   5.5    0.858E-03
   5.6    0.883E-03
   5.7    0.906E-03
   5.8    0.928E-03
   5.9    0.950E-03
   6.0    0.970E-03
   6.1    0.989E-03
   6.2    0.101E-02
   6.3    0.102E-02
   6.4    0.104E-02
   6.5    0.105E-02
   6.6    0.106E-02
   6.7    0.107E-02
   6.8    0.108E-02
   6.9    0.109E-02
   7.0    0.109E-02
   7.1    0.109E-02
   7.2    0.110E-02
   7.3    0.109E-02
   7.4    0.109E-02
   7.5    0.108E-02
   7.6    0.108E-02
   7.7    0.106E-02
   7.8    0.105E-02
   7.9    0.104E-02
   8.0    0.102E-02
   8.1    0.998E-03
   8.2    0.975E-03
   8.3    0.950E-03
   8.4    0.923E-03
   8.5    0.893E-03
   8.6    0.860E-03
   8.7    0.825E-03
   8.8    0.788E-03
   8.9    0.748E-03
   9.0    0.706E-03
   9.1    0.662E-03
   9.2    0.615E-03
   9.3    0.567E-03
   9.4    0.516E-03
   9.5    0.463E-03
   9.6    0.408E-03
   9.7    0.351E-03
   9.8    0.292E-03
   9.9    0.231E-03
  10.0    0.169E-03
  10.1    0.105E-03
  10.2    0.398E-04
  10.3   -0.269E-04
  10.4   -0.948E-04
  10.5   -0.164E-03
  10.6   -0.234E-03
  10.7   -0.305E-03
  10.8   -0.377E-03
  10.9   -0.449E-03
  11.0   -0.522E-03
  11.1   -0.595E-03
  11.2   -0.668E-03
  11.3   -0.741E-03
  11.4   -0.814E-03
  11.5   -0.887E-03
  11.6   -0.959E-03
  11.7   -0.103E-02
  11.8   -0.110E-02
  11.9   -0.117E-02
  12.0   -0.124E-02
  12.1   -0.131E-02
  12.2   -0.138E-02
  12.3   -0.144E-02
  12.4   -0.150E-02
  12.5   -0.156E-02
  12.6   -0.162E-02
  12.7   -0.168E-02
  12.8   -0.173E-02
  12.9   -0.179E-02
  13.0   -0.184E-02
  13.1   -0.188E-02
  13.2   -0.193E-02
  13.3   -0.197E-02
  13.4   -0.200E-02
  13.5   -0.204E-02
  13.6   -0.207E-02
  13.7   -0.210E-02
  13.8   -0.212E-02
  13.9   -0.214E-02
  14.0   -0.216E-02
  14.1   -0.217E-02
  14.2   -0.218E-02
  14.3   -0.218E-02
  14.4   -0.218E-02
  14.5   -0.217E-02
  14.6   -0.217E-02
  14.7   -0.215E-02
  14.8   -0.214E-02
  14.9   -0.211E-02
  15.0   -0.209E-02
  15.1   -0.206E-02
  15.2   -0.202E-02
  15.3   -0.198E-02
  15.4   -0.194E-02
  15.5   -0.189E-02
  15.6   -0.184E-02
  15.7   -0.178E-02
  15.8   -0.172E-02
  15.9   -0.166E-02
  16.0   -0.159E-02
  16.1   -0.152E-02
  16.2   -0.144E-02
  16.3   -0.136E-02
  16.4   -0.128E-02
  16.5   -0.119E-02
  16.6   -0.110E-02
  16.7   -0.101E-02
  16.8   -0.909E-03
  16.9   -0.810E-03
  17.0   -0.707E-03
  17.1   -0.603E-03
  17.2   -0.495E-03
  17.3   -0.386E-03
  17.4   -0.274E-03
  17.5   -0.161E-03
  17.6   -0.462E-04
  17.7    0.701E-04
  17.8    0.188E-03
  17.9    0.306E-03
  18.0    0.425E-03
  18.1    0.545E-03
  18.2    0.664E-03
  18.3    0.784E-03
  18.4    0.904E-03
  18.5    0.102E-02
  18.6    0.114E-02
  18.7    0.126E-02
  18.8    0.138E-02
  18.9    0.149E-02
  19.0    0.160E-02
  19.1    0.172E-02
  19.2    0.182E-02
  19.3    0.193E-02
  19.4    0.204E-02
  19.5    0.214E-02
  19.6    0.224E-02
  19.7    0.233E-02
  19.8    0.242E-02
  19.9    0.251E-02
  20.0    0.259E-02
  20.1    0.267E-02
  20.2    0.275E-02
  20.3    0.282E-02
  20.4    0.289E-02
  20.5    0.295E-02
  20.6    0.300E-02
  20.7    0.305E-02
  20.8    0.310E-02
  20.9    0.314E-02
  21.0    0.317E-02
  21.1    0.320E-02
  21.2    0.322E-02
  21.3    0.324E-02
  21.4    0.325E-02
  21.5    0.325E-02
  21.6    0.325E-02
  21.7    0.324E-02
  21.8    0.323E-02
  21.9    0.321E-02
  22.0    0.318E-02
  22.1    0.315E-02
  22.2    0.311E-02
  22.3    0.306E-02
  22.4    0.301E-02
  22.5    0.295E-02
  22.6    0.288E-02
  22.7    0.281E-02
  22.8    0.273E-02
  22.9    0.265E-02
  23.0    0.256E-02
  23.1    0.247E-02
  23.2    0.237E-02
  23.3    0.226E-02
  23.4    0.215E-02
  23.5    0.203E-02
  23.6    0.191E-02
  23.7    0.179E-02
  23.8    0.166E-02
  23.9    0.152E-02
  24.0    0.138E-02
  24.1    0.124E-02
  24.2    0.110E-02
  24.3    0.947E-03
  24.4    0.795E-03
  24.5    0.640E-03
  24.6    0.482E-03
  24.7    0.323E-03
  24.8    0.161E-03
  24.9   -0.204E-05
  25.0   -0.166E-03
  25.1   -0.332E-03
  25.2   -0.498E-03
  25.3   -0.664E-03
  25.4   -0.831E-03
  25.5   -0.997E-03
  25.6   -0.116E-02
  25.7   -0.133E-02
  25.8   -0.149E-02
  25.9   -0.165E-02
  26.0   -0.181E-02
  26.1   -0.197E-02
  26.2   -0.212E-02
  26.3   -0.228E-02
  26.4   -0.242E-02
  26.5   -0.257E-02
  26.6   -0.271E-02
  26.7   -0.285E-02
  26.8   -0.298E-02
  26.9   -0.311E-02
  27.0   -0.323E-02
  27.1   -0.335E-02
  27.2   -0.346E-02
  27.3   -0.357E-02
  27.4   -0.367E-02
  27.5   -0.376E-02
  27.6   -0.385E-02
  27.7   -0.393E-02
  27.8   -0.400E-02
  27.9   -0.407E-02
  28.0   -0.412E-02
  28.1   -0.418E-02
  28.2   -0.422E-02
  28.3   -0.425E-02
  28.4   -0.428E-02
  28.5   -0.430E-02
  28.6   -0.431E-02
  28.7   -0.432E-02
  28.8   -0.431E-02
  28.9   -0.430E-02
  29.0   -0.428E-02
  29.1   -0.425E-02
  29.2   -0.421E-02
  29.3   -0.416E-02
  29.4   -0.411E-02
  29.5   -0.404E-02
  29.6   -0.397E-02
  29.7   -0.389E-02
  29.8   -0.381E-02
  29.9   -0.371E-02
  30.0   -0.361E-02
  30.1   -0.350E-02
  30.2   -0.338E-02
  30.3   -0.325E-02
  30.4   -0.312E-02
  30.5   -0.298E-02
  30.6   -0.283E-02
  30.7   -0.268E-02
  30.8   -0.252E-02
  30.9   -0.236E-02
  31.0   -0.219E-02
  31.1   -0.201E-02
  31.2   -0.183E-02
  31.3   -0.165E-02
  31.4   -0.146E-02
  31.5   -0.126E-02
  31.6   -0.107E-02
  31.7   -0.867E-03
  31.8   -0.664E-03
  31.9   -0.458E-03
  32.0   -0.250E-03
  32.1   -0.406E-04
  32.2    0.170E-03
  32.3    0.382E-03
  32.4    0.595E-03
  32.5    0.807E-03
  32.6    0.102E-02
  32.7    0.123E-02
  32.8    0.144E-02
  32.9    0.165E-02
  33.0    0.186E-02
  33.1    0.206E-02
  33.2    0.227E-02
  33.3    0.246E-02
  33.4    0.266E-02
  33.5    0.285E-02
  33.6    0.304E-02
  33.7    0.322E-02
  33.8    0.340E-02
  33.9    0.357E-02
  34.0    0.373E-02
  34.1    0.389E-02
  34.2    0.405E-02
  34.3    0.419E-02
  34.4    0.433E-02
  34.5    0.446E-02
  34.6    0.459E-02
  34.7    0.470E-02
  34.8    0.481E-02
  34.9    0.491E-02
  35.0    0.500E-02
  35.1    0.508E-02
  35.2    0.515E-02
  35.3    0.521E-02
  35.4    0.526E-02
  35.5    0.530E-02
  35.6    0.533E-02
  35.7    0.536E-02
  35.8    0.537E-02
  35.9    0.537E-02
  36.0    0.536E-02
  36.1    0.534E-02
  36.2    0.531E-02
  36.3    0.527E-02
  36.4    0.522E-02
  36.5    0.516E-02
  36.6    0.509E-02
  36.7    0.501E-02
  36.8    0.492E-02
  36.9    0.482E-02
  37.0    0.471E-02
  37.1    0.459E-02
  37.2    0.446E-02
  37.3    0.432E-02
  37.4    0.417E-02
  37.5    0.401E-02
  37.6    0.385E-02
  37.7    0.367E-02
  37.8    0.349E-02
  37.9    0.330E-02
  38.0    0.311E-02
  38.1    0.290E-02
  38.2    0.269E-02
  38.3    0.248E-02
  38.4    0.225E-02
  38.5    0.203E-02
  38.6    0.179E-02
  38.7    0.156E-02
  38.8    0.131E-02
  38.9    0.107E-02
  39.0    0.819E-03
  39.1    0.568E-03
  39.2    0.314E-03
  39.3    0.582E-04
  39.4   -0.199E-03
  39.5   -0.457E-03
  39.6   -0.715E-03
  39.7   -0.974E-03
  39.8   -0.123E-02
  39.9   -0.149E-02
  40.0   -0.174E-02
  40.1   -0.200E-02
  40.2   -0.225E-02
  40.3   -0.249E-02
  40.4   -0.274E-02
  40.5   -0.298E-02
  40.6   -0.321E-02
  40.7   -0.344E-02
  40.8   -0.367E-02
  40.9   -0.388E-02
  41.0   -0.410E-02
  41.1   -0.430E-02
  41.2   -0.450E-02
  41.3   -0.469E-02
  41.4   -0.487E-02
  41.5   -0.504E-02
  41.6   -0.521E-02
  41.7   -0.536E-02
  41.8   -0.551E-02
  41.9   -0.565E-02
  42.0   -0.577E-02
  42.1   -0.589E-02
  42.2   -0.599E-02
  42.3   -0.608E-02
  42.4   -0.617E-02
  42.5   -0.624E-02
  42.6   -0.630E-02
  42.7   -0.634E-02
  42.8   -0.638E-02
  42.9   -0.640E-02
  43.0   -0.641E-02
  43.1   -0.641E-02
  43.2   -0.640E-02
  43.3   -0.637E-02
  43.4   -0.633E-02
  43.5   -0.628E-02
  43.6   -0.622E-02
  43.7   -0.614E-02
  43.8   -0.606E-02
  43.9   -0.596E-02
  44.0   -0.585E-02
  44.1   -0.572E-02
  44.2   -0.559E-02
  44.3   -0.544E-02
  44.4   -0.528E-02
  44.5   -0.512E-02
  44.6   -0.494E-02
  44.7   -0.475E-02
  44.8   -0.455E-02
  44.9   -0.434E-02
  45.0   -0.412E-02
  45.1   -0.390E-02
  45.2   -0.366E-02
  45.3   -0.342E-02
  45.4   -0.317E-02
  45.5   -0.291E-02
  45.6   -0.265E-02
  45.7   -0.238E-02
  45.8   -0.210E-02
  45.9   -0.182E-02
  46.0   -0.153E-02
  46.1   -0.124E-02
  46.2   -0.949E-03
  46.3   -0.652E-03
  46.4   -0.352E-03
  46.5   -0.510E-04
  46.6    0.252E-03
  46.7    0.555E-03
  46.8    0.859E-03
  46.9    0.116E-02
  47.0    0.147E-02
  47.1    0.177E-02
  47.2    0.206E-02
  47.3    0.236E-02
  47.4    0.265E-02
  47.5    0.294E-02
  47.6    0.323E-02
  47.7    0.351E-02
  47.8    0.378E-02
  47.9    0.405E-02
  48.0    0.431E-02
  48.1    0.456E-02
  48.2    0.481E-02
  48.3    0.504E-02
  48.4    0.527E-02
  48.5    0.549E-02
  48.6    0.570E-02
  48.7    0.590E-02
  48.8    0.609E-02
  48.9    0.627E-02
  49.0    0.644E-02
  49.1    0.659E-02
  49.2    0.674E-02
  49.3    0.687E-02
  49.4    0.699E-02
  49.5    0.709E-02
  49.6    0.718E-02
  49.7    0.726E-02
  49.8    0.733E-02
  49.9    0.738E-02
  50.0    0.741E-02
  50.1    0.744E-02
  50.2    0.745E-02
  50.3    0.744E-02
  50.4    0.742E-02
  50.5    0.739E-02
  50.6    0.734E-02
  50.7    0.728E-02
  50.8    0.720E-02
  50.9    0.711E-02
  51.0    0.700E-02
  51.1    0.688E-02
  51.2    0.675E-02
  51.3    0.661E-02
  51.4    0.645E-02
  51.5    0.627E-02
  51.6    0.609E-02
  51.7    0.589E-02
  51.8    0.568E-02
  51.9    0.546E-02
  52.0    0.523E-02
  52.1    0.499E-02
  52.2    0.473E-02
  52.3    0.447E-02
  52.4    0.420E-02
  52.5    0.391E-02
  52.6    0.362E-02
  52.7    0.332E-02
  52.8    0.302E-02
  52.9    0.270E-02
  53.0    0.238E-02
  53.1    0.206E-02
  53.2    0.173E-02
  53.3    0.139E-02
  53.4    0.105E-02
  53.5    0.711E-03
  53.6    0.366E-03
  53.7    0.194E-04
  53.8   -0.329E-03
  53.9   -0.677E-03
  54.0   -0.103E-02
  54.1   -0.137E-02
  54.2   -0.172E-02
  54.3   -0.207E-02
  54.4   -0.241E-02
  54.5   -0.275E-02
  54.6   -0.308E-02
  54.7   -0.341E-02
  54.8   -0.373E-02
  54.9   -0.405E-02
  55.0   -0.436E-02
  55.1   -0.467E-02
  55.2   -0.496E-02
  55.3   -0.525E-02
  55.4   -0.553E-02
  55.5   -0.580E-02
  55.6   -0.606E-02
  55.7   -0.631E-02
  55.8   -0.654E-02
  55.9   -0.677E-02
  56.0   -0.698E-02
  56.1   -0.718E-02
  56.2   -0.737E-02
  56.3   -0.754E-02
  56.4   -0.770E-02
  56.5   -0.785E-02
  56.6   -0.798E-02
  56.7   -0.809E-02
  56.8   -0.819E-02
  56.9   -0.828E-02
  57.0   -0.835E-02
  57.1   -0.840E-02
  57.2   -0.844E-02
  57.3   -0.846E-02
  57.4   -0.847E-02
  57.5   -0.846E-02
  57.6   -0.843E-02
  57.7   -0.839E-02
  57.8   -0.833E-02
  57.9   -0.825E-02
  58.0   -0.816E-02
  58.1   -0.806E-02
  58.2   -0.793E-02
  58.3   -0.779E-02
  58.4   -0.764E-02
  58.5   -0.747E-02
  58.6   -0.728E-02
  58.7   -0.709E-02
  58.8   -0.687E-02
  58.9   -0.665E-02
  59.0   -0.640E-02
  59.1   -0.615E-02
  59.2   -0.588E-02
  59.3   -0.561E-02
  59.4   -0.532E-02
  59.5   -0.501E-02
  59.6   -0.470E-02
  59.7   -0.438E-02
  59.8   -0.405E-02
  59.9   -0.371E-02
  60.0   -0.336E-02
  60.1   -0.300E-02
  60.2   -0.264E-02
  60.3   -0.227E-02
  60.4   -0.190E-02
  60.5   -0.152E-02
  60.6   -0.113E-02
  60.7   -0.745E-03
  60.8   -0.356E-03
  60.9    0.362E-04
  61.0    0.429E-03
  61.1    0.822E-03
  61.2    0.122E-02
  61.3    0.161E-02
  61.4    0.200E-02
  61.5    0.238E-02
  61.6    0.277E-02
  61.7    0.315E-02
  61.8    0.352E-02
  61.9    0.389E-02
  62.0    0.426E-02
  62.1    0.461E-02
  62.2    0.496E-02
  62.3    0.530E-02
  62.4    0.563E-02
  62.5    0.595E-02
  62.6    0.626E-02
  62.7    0.656E-02
  62.8    0.685E-02
  62.9    0.713E-02
  63.0    0.739E-02
  63.1    0.764E-02
  63.2    0.787E-02
  63.3    0.809E-02
  63.4    0.830E-02
  63.5    0.849E-02
  63.6    0.866E-02
  63.7    0.882E-02
  63.8    0.897E-02
  63.9    0.909E-02
  64.0    0.920E-02
  64.1    0.929E-02
  64.2    0.937E-02
  64.3    0.942E-02
  64.4    0.946E-02
  64.5    0.948E-02
  64.6    0.948E-02
  64.7    0.946E-02
  64.8    0.943E-02
  64.9    0.938E-02
  65.0    0.931E-02
  65.1    0.922E-02
  65.2    0.911E-02
  65.3    0.898E-02
  65.4    0.884E-02
  65.5    0.868E-02
  65.6    0.851E-02
  65.7    0.831E-02
  65.8    0.810E-02
  65.9    0.787E-02
  66.0    0.763E-02
  66.1    0.737E-02
  66.2    0.710E-02
  66.3    0.681E-02
  66.4    0.651E-02
  66.5    0.620E-02
  66.6    0.587E-02
  66.7    0.553E-02
  66.8    0.518E-02
  66.9    0.482E-02
  67.0    0.445E-02
  67.1    0.407E-02
  67.2    0.368E-02
  67.3    0.328E-02
  67.4    0.287E-02
  67.5    0.246E-02
  67.6    0.204E-02
  67.7    0.161E-02
  67.8    0.119E-02
  67.9    0.755E-03
  68.0    0.321E-03
  68.1   -0.116E-03
  68.2   -0.553E-03
  68.3   -0.990E-03
  68.4   -0.143E-02
  68.5   -0.186E-02
  68.6   -0.229E-02
  68.7   -0.272E-02
  68.8   -0.315E-02
  68.9   -0.357E-02
  69.0   -0.399E-02
  69.1   -0.439E-02
  69.2   -0.480E-02
  69.3   -0.519E-02
  69.4   -0.557E-02
  69.5   -0.595E-02
  69.6   -0.631E-02
  69.7   -0.666E-02
  69.8   -0.701E-02
  69.9   -0.733E-02
  70.0   -0.765E-02
  70.1   -0.795E-02
  70.2   -0.824E-02
  70.3   -0.851E-02
  70.4   -0.877E-02
  70.5   -0.901E-02
  70.6   -0.923E-02
  70.7   -0.944E-02
  70.8   -0.963E-02
  70.9   -0.980E-02
  71.0   -0.995E-02
  71.1   -0.101E-01
  71.2   -0.102E-01
  71.3   -0.103E-01
  71.4   -0.104E-01
  71.5   -0.104E-01
  71.6   -0.105E-01
  71.7   -0.105E-01
  71.8   -0.105E-01
  71.9   -0.105E-01
  72.0   -0.104E-01
  72.1   -0.104E-01
  72.2   -0.103E-01
  72.3   -0.102E-01
  72.4   -0.100E-01
  72.5   -0.990E-02
  72.6   -0.973E-02
  72.7   -0.955E-02
  72.8   -0.935E-02
  72.9   -0.913E-02
  73.0   -0.890E-02
  73.1   -0.864E-02
  73.2   -0.837E-02
  73.3   -0.808E-02
  73.4   -0.778E-02
  73.5   -0.746E-02
  73.6   -0.712E-02
  73.7   -0.677E-02
  73.8   -0.640E-02
  73.9   -0.603E-02
  74.0   -0.564E-02
  74.1   -0.524E-02
  74.2   -0.482E-02
  74.3   -0.440E-02
  74.4   -0.397E-02
  74.5   -0.353E-02
  74.6   -0.308E-02
  74.7   -0.262E-02
  74.8   -0.216E-02
  74.9   -0.169E-02
  75.0   -0.122E-02
  75.1   -0.741E-03
  75.2   -0.262E-03
  75.3    0.218E-03
  75.4    0.699E-03
  75.5    0.118E-02
  75.6    0.166E-02
  75.7    0.214E-02
  75.8    0.261E-02
  75.9    0.308E-02
  76.0    0.355E-02
  76.1    0.401E-02
  76.2    0.447E-02
  76.3    0.491E-02
  76.4    0.535E-02
  76.5    0.578E-02
  76.6    0.620E-02
  76.7    0.661E-02
  76.8    0.700E-02
  76.9    0.739E-02
  77.0    0.776E-02
  77.1    0.812E-02
  77.2    0.846E-02
  77.3    0.879E-02
  77.4    0.910E-02
  77.5    0.939E-02
  77.6    0.967E-02
  77.7    0.993E-02
  77.8    0.102E-01
  77.9    0.104E-01
  78.0    0.106E-01
  78.1    0.108E-01
  78.2    0.109E-01
  78.3    0.111E-01
  78.4    0.112E-01
  78.5    0.113E-01
  78.6    0.114E-01
  78.7    0.114E-01
  78.8    0.115E-01
  78.9    0.115E-01
  79.0    0.115E-01
  79.1    0.114E-01
  79.2    0.114E-01
  79.3    0.113E-01
  79.4    0.112E-01
  79.5    0.111E-01
  79.6    0.110E-01
  79.7    0.108E-01
  79.8    0.106E-01
  79.9    0.104E-01
  80.0    0.102E-01
  80.1    0.993E-02
  80.2    0.967E-02
  80.3    0.939E-02
  80.4    0.908E-02
  80.5    0.876E-02
  80.6    0.843E-02
  80.7    0.807E-02
  80.8    0.770E-02
  80.9    0.731E-02
  81.0    0.691E-02
  81.1    0.650E-02
  81.2    0.607E-02
  81.3    0.563E-02
  81.4    0.517E-02
  81.5    0.471E-02
  81.6    0.423E-02
  81.7    0.375E-02
  81.8    0.326E-02
  81.9    0.276E-02
  82.0    0.225E-02
  82.1    0.174E-02
  82.2    0.122E-02
  82.3    0.702E-03
  82.4    0.180E-03
  82.5   -0.344E-03
  82.6   -0.868E-03
  82.7   -0.139E-02
  82.8   -0.191E-02
  82.9   -0.243E-02
  83.0   -0.295E-02
  83.1   -0.346E-02
  83.2   -0.397E-02
  83.3   -0.447E-02
  83.4   -0.496E-02
  83.5   -0.545E-02
  83.6   -0.592E-02
  83.7   -0.639E-02
  83.8   -0.684E-02
  83.9   -0.728E-02
  84.0   -0.771E-02
  84.1   -0.812E-02
  84.2   -0.852E-02
  84.3   -0.891E-02
  84.4   -0.927E-02
  84.5   -0.963E-02
  84.6   -0.996E-02
  84.7   -0.103E-01
  84.8   -0.106E-01
  84.9   -0.108E-01
  85.0   -0.111E-01
  85.1   -0.113E-01
  85.2   -0.116E-01
  85.3   -0.117E-01
  85.4   -0.119E-01
  85.5   -0.121E-01
  85.6   -0.122E-01
  85.7   -0.123E-01
  85.8   -0.124E-01
  85.9   -0.124E-01
  86.0   -0.125E-01
  86.1   -0.125E-01
  86.2   -0.124E-01
  86.3   -0.124E-01
  86.4   -0.123E-01
  86.5   -0.123E-01
  86.6   -0.121E-01
  86.7   -0.120E-01
  86.8   -0.118E-01
  86.9   -0.117E-01
  87.0   -0.115E-01
  87.1   -0.112E-01
  87.2   -0.110E-01
  87.3   -0.107E-01
  87.4   -0.104E-01
  87.5   -0.101E-01
  87.6   -0.978E-02
  87.7   -0.942E-02
  87.8   -0.905E-02
  87.9   -0.866E-02
  88.0   -0.826E-02
  88.1   -0.783E-02
  88.2   -0.739E-02
  88.3   -0.694E-02
  88.4   -0.647E-02
  88.5   -0.599E-02
  88.6   -0.550E-02
  88.7   -0.499E-02
  88.8   -0.447E-02
  88.9   -0.395E-02
  89.0   -0.341E-02
  89.1   -0.287E-02
  89.2   -0.232E-02
  89.3   -0.176E-02
  89.4   -0.120E-02
  89.5   -0.640E-03
  89.6   -0.745E-04
  89.7    0.492E-03
  89.8    0.106E-02
  89.9    0.163E-02
  90.0    0.219E-02
  90.1    0.275E-02
  90.2    0.331E-02
  90.3    0.386E-02
  90.4    0.441E-02
  90.5    0.495E-02
  90.6    0.548E-02
  90.7    0.600E-02
  90.8    0.651E-02
  90.9    0.701E-02
  91.0    0.749E-02
  91.1    0.796E-02
  91.2    0.842E-02
  91.3    0.887E-02
  91.4    0.929E-02
  91.5    0.970E-02
  91.6    0.101E-01
  91.7    0.105E-01
  91.8    0.108E-01
  91.9    0.112E-01
  92.0    0.115E-01
  92.1    0.118E-01
  92.2    0.120E-01
  92.3    0.123E-01
  92.4    0.125E-01
  92.5    0.127E-01
  92.6    0.129E-01
  92.7    0.130E-01
  92.8    0.132E-01
  92.9    0.133E-01
  93.0    0.134E-01
  93.1    0.134E-01
  93.2    0.134E-01
  93.3    0.134E-01
  93.4    0.134E-01
  93.5    0.134E-01
  93.6    0.133E-01
  93.7    0.132E-01
  93.8    0.131E-01
  93.9    0.129E-01
  94.0    0.127E-01
  94.1    0.125E-01
  94.2    0.123E-01
  94.3    0.120E-01
  94.4    0.118E-01
  94.5    0.115E-01
  94.6    0.112E-01
  94.7    0.108E-01
  94.8    0.104E-01
  94.9    0.101E-01
  95.0    0.966E-02
  95.1    0.923E-02
  95.2    0.879E-02
  95.3    0.833E-02
  95.4    0.785E-02
  95.5    0.736E-02
  95.6    0.685E-02
  95.7    0.633E-02
  95.8    0.579E-02
  95.9    0.525E-02
  96.0    0.469E-02
  96.1    0.412E-02
  96.2    0.354E-02
  96.3    0.295E-02
  96.4    0.236E-02
  96.5    0.176E-02
  96.6    0.116E-02
  96.7    0.555E-03
  96.8   -0.536E-04
  96.9   -0.663E-03
  97.0   -0.127E-02
  97.1   -0.188E-02
  97.2   -0.249E-02
  97.3   -0.309E-02
  97.4   -0.369E-02
  97.5   -0.428E-02
  97.6   -0.486E-02
  97.7   -0.544E-02
  97.8   -0.600E-02
  97.9   -0.656E-02
  98.0   -0.711E-02
  98.1   -0.764E-02
  98.2   -0.816E-02
  98.3   -0.866E-02
  98.4   -0.915E-02
  98.5   -0.962E-02
  98.6   -0.101E-01
  98.7   -0.105E-01
  98.8   -0.109E-01
  98.9   -0.113E-01
  99.0   -0.117E-01
  99.1   -0.121E-01
  99.2   -0.124E-01
  99.3   -0.127E-01
  99.4   -0.130E-01
  99.5   -0.132E-01
  99.6   -0.135E-01
  99.7   -0.137E-01
  99.8   -0.139E-01
  99.9   -0.140E-01
 100.0   -0.141E-01
