节点位移:      50.0000
   0.2    0.148E-06
   0.4    0.823E-06
   0.6    0.243E-05
   0.8    0.541E-05
   1.0    0.102E-04
   1.2    0.172E-04
   1.4    0.267E-04
   1.6    0.391E-04
   1.8    0.547E-04
   2.0    0.736E-04
   2.2    0.961E-04
   2.4    0.122E-03
   2.6    0.152E-03
   2.8    0.186E-03
   3.0    0.223E-03
   3.2    0.263E-03
   3.4    0.307E-03
   3.6    0.354E-03
   3.8    0.404E-03
   4.0    0.455E-03
   4.2    0.509E-03
   4.4    0.563E-03
   4.6    0.619E-03
   4.8    0.674E-03
   5.0    0.729E-03
   5.2    0.783E-03
   5.4    0.834E-03
   5.6    0.884E-03
   5.8    0.929E-03
   6.0    0.971E-03
   6.2    0.101E-02
   6.4    0.104E-02
   6.6    0.106E-02
   6.8    0.108E-02
   7.0    0.109E-02
   7.2    0.110E-02
   7.4    0.109E-02
   7.6    0.107E-02
   7.8    0.105E-02
   8.0    0.102E-02
   8.2    0.975E-03
   8.4    0.922E-03
   8.6    0.859E-03
   8.8    0.787E-03
   9.0    0.705E-03
   9.2    0.614E-03
   9.4    0.515E-03
   9.6    0.407E-03
   9.8    0.291E-03
  10.0    0.168E-03
  10.2    0.386E-04
  10.4   -0.961E-04
  10.6   -0.235E-03
  10.8   -0.378E-03
  11.0   -0.523E-03
  11.2   -0.669E-03
  11.4   -0.815E-03
  11.6   -0.961E-03
  11.8   -0.110E-02
  12.0   -0.124E-02
  12.2   -0.138E-02
  12.4   -0.150E-02
  12.6   -0.162E-02
  12.8   -0.174E-02
  13.0   -0.184E-02
  13.2   -0.193E-02
  13.4   -0.200E-02
  13.6   -0.207E-02
  13.8   -0.212E-02
  14.0   -0.216E-02
  14.2   -0.218E-02
  14.4   -0.218E-02
  14.6   -0.217E-02
  14.8   -0.214E-02
  15.0   -0.209E-02
  15.2   -0.202E-02
  15.4   -0.194E-02
  15.6   -0.184E-02
  15.8   -0.172E-02
  16.0   -0.159E-02
  16.2   -0.144E-02
  16.4   -0.128E-02
  16.6   -0.110E-02
  16.8   -0.908E-03
  17.0   -0.706E-03
  17.2   -0.494E-03
  17.4   -0.273E-03
  17.6   -0.449E-04
  17.8    0.189E-03
  18.0    0.426E-03
  18.2    0.666E-03
  18.4    0.905E-03
  18.6    0.114E-02
  18.8    0.138E-02
  19.0    0.161E-02
  19.2    0.183E-02
  19.4    0.204E-02
  19.6    0.224E-02
  19.8    0.242E-02
  20.0    0.259E-02
  20.2    0.275E-02
  20.4    0.289E-02
  20.6    0.300E-02
  20.8    0.310E-02
  21.0    0.317E-02
  21.2    0.322E-02
  21.4    0.325E-02
  21.6    0.325E-02
  21.8    0.323E-02
  22.0    0.318E-02
  22.2    0.311E-02
  22.4    0.301E-02
  22.6    0.288E-02
  22.8    0.273E-02
  23.0    0.256E-02
  23.2    0.237E-02
  23.4    0.215E-02
  23.6    0.191E-02
  23.8    0.166E-02
  24.0    0.138E-02
  24.2    0.109E-02
  24.4    0.793E-03
  24.6    0.481E-03
  24.8    0.160E-03
  25.0   -0.168E-03
  25.2   -0.499E-03
  25.4   -0.832E-03
  25.6   -0.116E-02
  25.8   -0.149E-02
  26.0   -0.181E-02
  26.2   -0.212E-02
  26.4   -0.242E-02
  26.6   -0.271E-02
  26.8   -0.298E-02
  27.0   -0.323E-02
  27.2   -0.346E-02
  27.4   -0.367E-02
  27.6   -0.385E-02
  27.8   -0.400E-02
  28.0   -0.412E-02
  28.2   -0.422E-02
  28.4   -0.428E-02
  28.6   -0.431E-02
  28.8   -0.431E-02
  29.0   -0.428E-02
  29.2   -0.421E-02
  29.4   -0.411E-02
  29.6   -0.397E-02
  29.8   -0.381E-02
  30.0   -0.361E-02
  30.2   -0.338E-02
  30.4   -0.312E-02
  30.6   -0.283E-02
  30.8   -0.252E-02
  31.0   -0.219E-02
  31.2   -0.183E-02
  31.4   -0.146E-02
  31.6   -0.107E-02
  31.8   -0.663E-03
  32.0   -0.249E-03
  32.2    0.172E-03
  32.4    0.596E-03
  32.6    0.102E-02
  32.8    0.144E-02
  33.0    0.186E-02
  33.2    0.227E-02
  33.4    0.266E-02
  33.6    0.304E-02
  33.8    0.340E-02
  34.0    0.374E-02
  34.2    0.405E-02
  34.4    0.433E-02
  34.6    0.459E-02
  34.8    0.481E-02
  35.0    0.500E-02
  35.2    0.515E-02
  35.4    0.526E-02
  35.6    0.533E-02
  35.8    0.537E-02
  36.0    0.536E-02
  36.2    0.531E-02
  36.4    0.522E-02
  36.6    0.509E-02
  36.8    0.492E-02
  37.0    0.471E-02
  37.2    0.446E-02
  37.4    0.417E-02
  37.6    0.385E-02
  37.8    0.349E-02
  38.0    0.311E-02
  38.2    0.269E-02
  38.4    0.225E-02
  38.6    0.179E-02
  38.8    0.131E-02
  39.0    0.818E-03
  39.2    0.313E-03
  39.4   -0.200E-03
  39.6   -0.717E-03
  39.8   -0.123E-02
  40.0   -0.174E-02
  40.2   -0.225E-02
  40.4   -0.274E-02
  40.6   -0.321E-02
  40.8   -0.367E-02
  41.0   -0.410E-02
  41.2   -0.450E-02
  41.4   -0.487E-02
  41.6   -0.521E-02
  41.8   -0.551E-02
  42.0   -0.577E-02
  42.2   -0.599E-02
  42.4   -0.617E-02
  42.6   -0.630E-02
  42.8   -0.638E-02
  43.0   -0.641E-02
  43.2   -0.640E-02
  43.4   -0.633E-02
  43.6   -0.622E-02
  43.8   -0.606E-02
  44.0   -0.584E-02
  44.2   -0.559E-02
  44.4   -0.528E-02
  44.6   -0.494E-02
  44.8   -0.455E-02
  45.0   -0.412E-02
  45.2   -0.366E-02
  45.4   -0.317E-02
  45.6   -0.265E-02
  45.8   -0.210E-02
  46.0   -0.153E-02
  46.2   -0.948E-03
  46.4   -0.351E-03
  46.6    0.253E-03
  46.8    0.861E-03
  47.0    0.147E-02
  47.2    0.207E-02
  47.4    0.265E-02
  47.6    0.323E-02
  47.8    0.378E-02
  48.0    0.431E-02
  48.2    0.481E-02
  48.4    0.527E-02
  48.6    0.570E-02
  48.8    0.609E-02
  49.0    0.644E-02
  49.2    0.674E-02
  49.4    0.699E-02
  49.6    0.718E-02
  49.8    0.733E-02
  50.0    0.741E-02
  50.2    0.745E-02
  50.4    0.742E-02
  50.6    0.734E-02
  50.8    0.720E-02
  51.0    0.700E-02
  51.2    0.675E-02
  51.4    0.645E-02
  51.6    0.609E-02
  51.8    0.568E-02
  52.0    0.523E-02
  52.2    0.473E-02
  52.4    0.419E-02
  52.6    0.362E-02
  52.8    0.302E-02
  53.0    0.238E-02
  53.2    0.173E-02
  53.4    0.105E-02
  53.6    0.365E-03
  53.8   -0.330E-03
  54.0   -0.103E-02
  54.2   -0.172E-02
  54.4   -0.241E-02
  54.6   -0.308E-02
  54.8   -0.373E-02
  55.0   -0.436E-02
  55.2   -0.496E-02
  55.4   -0.553E-02
  55.6   -0.606E-02
  55.8   -0.654E-02
  56.0   -0.698E-02
  56.2   -0.737E-02
  56.4   -0.770E-02
  56.6   -0.798E-02
  56.8   -0.819E-02
  57.0   -0.835E-02
  57.2   -0.844E-02
  57.4   -0.847E-02
  57.6   -0.843E-02
  57.8   -0.833E-02
  58.0   -0.816E-02
  58.2   -0.793E-02
  58.4   -0.764E-02
  58.6   -0.728E-02
  58.8   -0.687E-02
  59.0   -0.640E-02
  59.2   -0.588E-02
  59.4   -0.531E-02
  59.6   -0.470E-02
  59.8   -0.405E-02
  60.0   -0.336E-02
  60.2   -0.264E-02
  60.4   -0.189E-02
  60.6   -0.113E-02
  60.8   -0.354E-03
  61.0    0.430E-03
  61.2    0.122E-02
  61.4    0.200E-02
  61.6    0.277E-02
  61.8    0.352E-02
  62.0    0.426E-02
  62.2    0.496E-02
  62.4    0.563E-02
  62.6    0.626E-02
  62.8    0.685E-02
  63.0    0.739E-02
  63.2    0.787E-02
  63.4    0.830E-02
  63.6    0.867E-02
  63.8    0.897E-02
  64.0    0.920E-02
  64.2    0.937E-02
  64.4    0.946E-02
  64.6    0.948E-02
  64.8    0.943E-02
  65.0    0.931E-02
  65.2    0.911E-02
  65.4    0.884E-02
  65.6    0.850E-02
  65.8    0.810E-02
  66.0    0.763E-02
  66.2    0.710E-02
  66.4    0.651E-02
  66.6    0.587E-02
  66.8    0.518E-02
  67.0    0.445E-02
  67.2    0.367E-02
  67.4    0.287E-02
  67.6    0.204E-02
  67.8    0.119E-02
  68.0    0.319E-03
  68.2   -0.554E-03
  68.4   -0.143E-02
  68.6   -0.230E-02
  68.8   -0.315E-02
  69.0   -0.399E-02
  69.2   -0.480E-02
  69.4   -0.557E-02
  69.6   -0.631E-02
  69.8   -0.701E-02
  70.0   -0.765E-02
  70.2   -0.824E-02
  70.4   -0.877E-02
  70.6   -0.923E-02
  70.8   -0.963E-02
  71.0   -0.995E-02
  71.2   -0.102E-01
  71.4   -0.104E-01
  71.6   -0.105E-01
  71.8   -0.105E-01
  72.0   -0.104E-01
  72.2   -0.103E-01
  72.4   -0.100E-01
  72.6   -0.973E-02
  72.8   -0.935E-02
  73.0   -0.890E-02
  73.2   -0.837E-02
  73.4   -0.778E-02
  73.6   -0.712E-02
  73.8   -0.640E-02
  74.0   -0.564E-02
  74.2   -0.482E-02
  74.4   -0.397E-02
  74.6   -0.307E-02
  74.8   -0.216E-02
  75.0   -0.122E-02
  75.2   -0.261E-03
  75.4    0.701E-03
  75.6    0.166E-02
  75.8    0.261E-02
  76.0    0.355E-02
  76.2    0.447E-02
  76.4    0.535E-02
  76.6    0.620E-02
  76.8    0.701E-02
  77.0    0.776E-02
  77.2    0.846E-02
  77.4    0.910E-02
  77.6    0.967E-02
  77.8    0.102E-01
  78.0    0.106E-01
  78.2    0.109E-01
  78.4    0.112E-01
  78.6    0.114E-01
  78.8    0.115E-01
  79.0    0.115E-01
  79.2    0.114E-01
  79.4    0.112E-01
  79.6    0.110E-01
  79.8    0.106E-01
  80.0    0.102E-01
  80.2    0.967E-02
  80.4    0.908E-02
  80.6    0.843E-02
  80.8    0.770E-02
  81.0    0.691E-02
  81.2    0.607E-02
  81.4    0.517E-02
  81.6    0.423E-02
  81.8    0.325E-02
  82.0    0.225E-02
  82.2    0.122E-02
  82.4    0.179E-03
  82.6   -0.870E-03
  82.8   -0.192E-02
  83.0   -0.295E-02
  83.2   -0.397E-02
  83.4   -0.496E-02
  83.6   -0.592E-02
  83.8   -0.684E-02
  84.0   -0.771E-02
  84.2   -0.852E-02
  84.4   -0.928E-02
  84.6   -0.996E-02
  84.8   -0.106E-01
  85.0   -0.111E-01
  85.2   -0.116E-01
  85.4   -0.119E-01
  85.6   -0.122E-01
  85.8   -0.124E-01
  86.0   -0.125E-01
  86.2   -0.124E-01
  86.4   -0.123E-01
  86.6   -0.121E-01
  86.8   -0.118E-01
  87.0   -0.115E-01
  87.2   -0.110E-01
  87.4   -0.104E-01
  87.6   -0.978E-02
  87.8   -0.905E-02
  88.0   -0.826E-02
  88.2   -0.739E-02
  88.4   -0.647E-02
  88.6   -0.549E-02
  88.8   -0.447E-02
  89.0   -0.341E-02
  89.2   -0.232E-02
  89.4   -0.120E-02
  89.6   -0.733E-04
  89.8    0.106E-02
  90.0    0.219E-02
  90.2    0.331E-02
  90.4    0.441E-02
  90.6    0.548E-02
  90.8    0.651E-02
  91.0    0.749E-02
  91.2    0.842E-02
  91.4    0.930E-02
  91.6    0.101E-01
  91.8    0.108E-01
  92.0    0.115E-01
  92.2    0.120E-01
  92.4    0.125E-01
  92.6    0.129E-01
  92.8    0.132E-01
  93.0    0.134E-01
  93.2    0.134E-01
  93.4    0.134E-01
  93.6    0.133E-01
  93.8    0.131E-01
  94.0    0.127E-01
  94.2    0.123E-01
  94.4    0.118E-01
  94.6    0.112E-01
  94.8    0.104E-01
  95.0    0.966E-02
  95.2    0.879E-02
  95.4    0.785E-02
  95.6    0.685E-02
  95.8    0.579E-02
  96.0    0.469E-02
  96.2    0.354E-02
  96.4    0.236E-02
  96.6    0.116E-02
  96.8   -0.548E-04
  97.0   -0.127E-02
  97.2   -0.249E-02
  97.4   -0.369E-02
  97.6   -0.486E-02
  97.8   -0.601E-02
  98.0   -0.711E-02
  98.2   -0.816E-02
  98.4   -0.915E-02
  98.6   -0.101E-01
  98.8   -0.109E-01
  99.0   -0.117E-01
  99.2   -0.124E-01
  99.4   -0.130E-01
  99.6   -0.135E-01
  99.8   -0.139E-01
 100.0   -0.141E-01
 100.2   -0.143E-01
 100.4   -0.144E-01
 100.6   -0.144E-01
 100.8   -0.142E-01
 101.0   -0.140E-01
 101.2   -0.136E-01
 101.4   -0.131E-01
 101.6   -0.125E-01
 101.8   -0.119E-01
 102.0   -0.111E-01
 102.2   -0.102E-01
 102.4   -0.930E-02
 102.6   -0.828E-02
 102.8   -0.721E-02
 103.0   -0.607E-02
 103.2   -0.488E-02
 103.4   -0.365E-02
 103.6   -0.238E-02
 103.8   -0.109E-02
 104.0    0.205E-03
 104.2    0.151E-02
 104.4    0.280E-02
 104.6    0.408E-02
 104.8    0.534E-02
 105.0    0.655E-02
 105.2    0.772E-02
 105.4    0.884E-02
 105.6    0.989E-02
 105.8    0.109E-01
 106.0    0.118E-01
 106.2    0.126E-01
 106.4    0.133E-01
 106.6    0.139E-01
 106.8    0.144E-01
 107.0    0.148E-01
 107.2    0.151E-01
 107.4    0.153E-01
 107.6    0.154E-01
 107.8    0.153E-01
 108.0    0.151E-01
 108.2    0.148E-01
 108.4    0.144E-01
 108.6    0.139E-01
 108.8    0.133E-01
 109.0    0.125E-01
 109.2    0.117E-01
 109.4    0.108E-01
 109.6    0.978E-02
 109.8    0.869E-02
 110.0    0.754E-02
 110.2    0.631E-02
 110.4    0.504E-02
 110.6    0.373E-02
 110.8    0.238E-02
 111.0    0.101E-02
 111.2   -0.378E-03
 111.4   -0.176E-02
 111.6   -0.314E-02
 111.8   -0.450E-02
 112.0   -0.582E-02
 112.2   -0.711E-02
 112.4   -0.835E-02
 112.6   -0.952E-02
 112.8   -0.106E-01
 113.0   -0.117E-01
 113.2   -0.126E-01
 113.4   -0.135E-01
 113.6   -0.142E-01
 113.8   -0.148E-01
 114.0   -0.154E-01
 114.2   -0.158E-01
 114.4   -0.161E-01
 114.6   -0.163E-01
 114.8   -0.163E-01
 115.0   -0.162E-01
 115.2   -0.160E-01
 115.4   -0.157E-01
 115.6   -0.152E-01
 115.8   -0.147E-01
 116.0   -0.140E-01
 116.2   -0.132E-01
 116.4   -0.123E-01
 116.6   -0.113E-01
 116.8   -0.102E-01
 117.0   -0.908E-02
 117.2   -0.784E-02
 117.4   -0.654E-02
 117.6   -0.518E-02
 117.8   -0.378E-02
 118.0   -0.235E-02
 118.2   -0.895E-03
 118.4    0.573E-03
 118.6    0.204E-02
 118.8    0.350E-02
 119.0    0.493E-02
 119.2    0.633E-02
 119.4    0.769E-02
 119.6    0.899E-02
 119.8    0.102E-01
 120.0    0.114E-01
 120.2    0.125E-01
 120.4    0.134E-01
 120.6    0.143E-01
 120.8    0.151E-01
 121.0    0.158E-01
 121.2    0.163E-01
 121.4    0.167E-01
 121.6    0.170E-01
 121.8    0.172E-01
 122.0    0.172E-01
 122.2    0.171E-01
 122.4    0.169E-01
 122.6    0.165E-01
 122.8    0.161E-01
 123.0    0.154E-01
 123.2    0.147E-01
 123.4    0.139E-01
 123.6    0.129E-01
 123.8    0.118E-01
 124.0    0.107E-01
 124.2    0.944E-02
 124.4    0.812E-02
 124.6    0.674E-02
 124.8    0.530E-02
 125.0    0.382E-02
 125.2    0.230E-02
 125.4    0.761E-03
 125.6   -0.788E-03
 125.8   -0.234E-02
 126.0   -0.387E-02
 126.2   -0.538E-02
 126.4   -0.685E-02
 126.6   -0.828E-02
 126.8   -0.964E-02
 127.0   -0.109E-01
 127.2   -0.121E-01
 127.4   -0.133E-01
 127.6   -0.143E-01
 127.8   -0.152E-01
 128.0   -0.160E-01
 128.2   -0.167E-01
 128.4   -0.173E-01
 128.6   -0.177E-01
 128.8   -0.180E-01
 129.0   -0.181E-01
 129.2   -0.182E-01
 129.4   -0.180E-01
 129.6   -0.178E-01
 129.8   -0.174E-01
 130.0   -0.168E-01
 130.2   -0.162E-01
 130.4   -0.154E-01
 130.6   -0.145E-01
 130.8   -0.134E-01
 131.0   -0.123E-01
 131.2   -0.111E-01
 131.4   -0.977E-02
 131.6   -0.838E-02
 131.8   -0.691E-02
 132.0   -0.539E-02
 132.2   -0.383E-02
 132.4   -0.223E-02
 132.6   -0.605E-03
 132.8    0.103E-02
 133.0    0.265E-02
 133.2    0.426E-02
 133.4    0.585E-02
 133.6    0.739E-02
 133.8    0.888E-02
 134.0    0.103E-01
 134.2    0.117E-01
 134.4    0.129E-01
 134.6    0.141E-01
 134.8    0.152E-01
 135.0    0.161E-01
 135.2    0.169E-01
 135.4    0.176E-01
 135.6    0.182E-01
 135.8    0.186E-01
 136.0    0.189E-01
 136.2    0.191E-01
 136.4    0.191E-01
 136.6    0.189E-01
 136.8    0.186E-01
 137.0    0.182E-01
 137.2    0.176E-01
 137.4    0.169E-01
 137.6    0.160E-01
 137.8    0.151E-01
 138.0    0.140E-01
 138.2    0.128E-01
 138.4    0.115E-01
 138.6    0.101E-01
 138.8    0.861E-02
 139.0    0.707E-02
 139.2    0.546E-02
 139.4    0.381E-02
 139.6    0.213E-02
 139.8    0.428E-03
 140.0   -0.128E-02
 140.2   -0.299E-02
 140.4   -0.468E-02
 140.6   -0.633E-02
 140.8   -0.794E-02
 141.0   -0.950E-02
 141.2   -0.110E-01
 141.4   -0.124E-01
 141.6   -0.137E-01
 141.8   -0.149E-01
 142.0   -0.160E-01
 142.2   -0.170E-01
 142.4   -0.178E-01
 142.6   -0.186E-01
 142.8   -0.191E-01
 143.0   -0.196E-01
 143.2   -0.199E-01
 143.4   -0.200E-01
 143.6   -0.200E-01
 143.8   -0.198E-01
 144.0   -0.195E-01
 144.2   -0.190E-01
 144.4   -0.184E-01
 144.6   -0.176E-01
 144.8   -0.167E-01
 145.0   -0.156E-01
 145.2   -0.145E-01
 145.4   -0.132E-01
 145.6   -0.118E-01
 145.8   -0.104E-01
 146.0   -0.882E-02
 146.2   -0.719E-02
 146.4   -0.551E-02
 146.6   -0.378E-02
 146.8   -0.201E-02
 147.0   -0.229E-03
 147.2    0.156E-02
 147.4    0.334E-02
 147.6    0.511E-02
 147.8    0.683E-02
 148.0    0.851E-02
 148.2    0.101E-01
 148.4    0.117E-01
 148.6    0.131E-01
 148.8    0.145E-01
 149.0    0.157E-01
 149.2    0.169E-01
 149.4    0.179E-01
 149.6    0.188E-01
 149.8    0.195E-01
 150.0    0.201E-01
 150.2    0.205E-01
 150.4    0.208E-01
 150.6    0.209E-01
 150.8    0.208E-01
 151.0    0.206E-01
 151.2    0.203E-01
 151.4    0.198E-01
 151.6    0.191E-01
 151.8    0.183E-01
 152.0    0.173E-01
 152.2    0.162E-01
 152.4    0.150E-01
 152.6    0.136E-01
 152.8    0.122E-01
 153.0    0.106E-01
 153.2    0.900E-02
 153.4    0.730E-02
 153.6    0.553E-02
 153.8    0.372E-02
 154.0    0.187E-02
 154.2    0.885E-05
 154.4   -0.186E-02
 154.6   -0.372E-02
 154.8   -0.555E-02
 155.0   -0.735E-02
 155.2   -0.909E-02
 155.4   -0.108E-01
 155.6   -0.124E-01
 155.8   -0.139E-01
 156.0   -0.153E-01
 156.2   -0.166E-01
 156.4   -0.177E-01
 156.6   -0.188E-01
 156.8   -0.197E-01
 157.0   -0.204E-01
 157.2   -0.210E-01
 157.4   -0.214E-01
 157.6   -0.217E-01
 157.8   -0.218E-01
 158.0   -0.217E-01
 158.2   -0.215E-01
 158.4   -0.211E-01
 158.6   -0.205E-01
 158.8   -0.198E-01
 159.0   -0.189E-01
 159.2   -0.179E-01
 159.4   -0.167E-01
 159.6   -0.154E-01
 159.8   -0.140E-01
 160.0   -0.125E-01
 160.2   -0.109E-01
 160.4   -0.916E-02
 160.6   -0.738E-02
 160.8   -0.553E-02
 161.0   -0.364E-02
 161.2   -0.171E-02
 161.4    0.232E-03
 161.6    0.218E-02
 161.8    0.411E-02
 162.0    0.602E-02
 162.2    0.788E-02
 162.4    0.969E-02
 162.6    0.114E-01
 162.8    0.131E-01
 163.0    0.146E-01
 163.2    0.161E-01
 163.4    0.174E-01
 163.6    0.186E-01
 163.8    0.197E-01
 164.0    0.206E-01
 164.2    0.213E-01
 164.4    0.219E-01
 164.6    0.223E-01
 164.8    0.226E-01
 165.0    0.227E-01
 165.2    0.226E-01
 165.4    0.223E-01
 165.6    0.219E-01
 165.8    0.213E-01
 166.0    0.205E-01
 166.2    0.196E-01
 166.4    0.185E-01
 166.6    0.172E-01
 166.8    0.159E-01
 167.0    0.144E-01
 167.2    0.128E-01
 167.4    0.111E-01
 167.6    0.930E-02
 167.8    0.744E-02
 168.0    0.551E-02
 168.2    0.353E-02
 168.4    0.153E-02
 168.6   -0.493E-03
 168.8   -0.251E-02
 169.0   -0.452E-02
 169.2   -0.650E-02
 169.4   -0.843E-02
 169.6   -0.103E-01
 169.8   -0.121E-01
 170.0   -0.138E-01
 170.2   -0.154E-01
 170.4   -0.169E-01
 170.6   -0.183E-01
 170.8   -0.195E-01
 171.0   -0.206E-01
 171.2   -0.215E-01
 171.4   -0.222E-01
 171.6   -0.228E-01
 171.8   -0.232E-01
 172.0   -0.235E-01
 172.2   -0.235E-01
 172.4   -0.234E-01
 172.6   -0.231E-01
 172.8   -0.226E-01
 173.0   -0.220E-01
 173.2   -0.212E-01
 173.4   -0.202E-01
 173.6   -0.190E-01
 173.8   -0.177E-01
 174.0   -0.163E-01
 174.2   -0.147E-01
 174.4   -0.131E-01
 174.6   -0.113E-01
 174.8   -0.942E-02
 175.0   -0.747E-02
 175.2   -0.546E-02
 175.4   -0.341E-02
 175.6   -0.132E-02
 175.8    0.774E-03
 176.0    0.287E-02
 176.2    0.495E-02
 176.4    0.700E-02
 176.6    0.899E-02
 176.8    0.109E-01
 177.0    0.128E-01
 177.2    0.145E-01
 177.4    0.162E-01
 177.6    0.177E-01
 177.8    0.191E-01
 178.0    0.204E-01
 178.2    0.214E-01
 178.4    0.224E-01
 178.6    0.231E-01
 178.8    0.237E-01
 179.0    0.241E-01
 179.2    0.244E-01
 179.4    0.244E-01
 179.6    0.243E-01
 179.8    0.239E-01
 180.0    0.234E-01
 180.2    0.227E-01
 180.4    0.218E-01
 180.6    0.208E-01
 180.8    0.196E-01
 181.0    0.182E-01
 181.2    0.167E-01
 181.4    0.151E-01
 181.6    0.133E-01
 181.8    0.115E-01
 182.0    0.951E-02
 182.2    0.748E-02
 182.4    0.539E-02
 182.6    0.326E-02
 182.8    0.110E-02
 183.0   -0.108E-02
 183.2   -0.325E-02
 183.4   -0.540E-02
 183.6   -0.751E-02
 183.8   -0.957E-02
 184.0   -0.116E-01
 184.2   -0.135E-01
 184.4   -0.153E-01
 184.6   -0.170E-01
 184.8   -0.185E-01
 185.0   -0.199E-01
 185.2   -0.212E-01
 185.4   -0.223E-01
 185.6   -0.233E-01
 185.8   -0.241E-01
 186.0   -0.246E-01
 186.2   -0.250E-01
 186.4   -0.252E-01
 186.6   -0.253E-01
 186.8   -0.251E-01
 187.0   -0.247E-01
 187.2   -0.241E-01
 187.4   -0.234E-01
 187.6   -0.225E-01
 187.8   -0.213E-01
 188.0   -0.201E-01
 188.2   -0.186E-01
 188.4   -0.171E-01
 188.6   -0.154E-01
 188.8   -0.135E-01
 189.0   -0.116E-01
 189.2   -0.958E-02
 189.4   -0.747E-02
 189.6   -0.530E-02
 189.8   -0.309E-02
 190.0   -0.854E-03
 190.2    0.140E-02
 190.4    0.364E-02
 190.6    0.586E-02
 190.8    0.804E-02
 191.0    0.102E-01
 191.2    0.122E-01
 191.4    0.142E-01
 191.6    0.160E-01
 191.8    0.177E-01
 192.0    0.193E-01
 192.2    0.208E-01
 192.4    0.221E-01
 192.6    0.232E-01
 192.8    0.242E-01
 193.0    0.249E-01
 193.2    0.255E-01
 193.4    0.259E-01
 193.6    0.261E-01
 193.8    0.261E-01
 194.0    0.259E-01
 194.2    0.255E-01
 194.4    0.249E-01
 194.6    0.241E-01
 194.8    0.231E-01
 195.0    0.219E-01
 195.2    0.206E-01
 195.4    0.191E-01
 195.6    0.174E-01
 195.8    0.156E-01
 196.0    0.137E-01
 196.2    0.117E-01
 196.4    0.962E-02
 196.6    0.744E-02
 196.8    0.519E-02
 197.0    0.290E-02
 197.2    0.588E-03
 197.4   -0.174E-02
 197.6   -0.405E-02
 197.8   -0.634E-02
 198.0   -0.858E-02
 198.2   -0.108E-01
 198.4   -0.129E-01
 198.6   -0.149E-01
 198.8   -0.168E-01
 199.0   -0.185E-01
 199.2   -0.202E-01
 199.4   -0.217E-01
 199.6   -0.230E-01
 199.8   -0.241E-01
 200.0   -0.251E-01
