节点位移:      35.0000
   0.0    0.000E+00
   0.0    0.000E+00
   0.0    0.000E+00
   0.0    0.000E+00
   0.0    0.000E+00
   0.0    0.000E+00
   0.0    0.000E+00
   0.0    0.000E+00
   0.0    0.000E+00
   0.0    0.000E+00
   0.0    0.000E+00
   0.0    0.000E+00
   0.0    0.000E+00
   0.0    0.000E+00
   0.0    0.000E+00
   0.0    0.000E+00
   0.0    0.000E+00
   0.0    0.000E+00
   0.0    0.000E+00
   0.0    0.000E+00
   0.0    0.000E+00
   0.0    0.000E+00
   0.0    0.000E+00
   0.0    0.000E+00
   0.0    0.000E+00
   0.1    0.628E-06
   0.1    0.375E-05
   0.2    0.118E-04
   0.2    0.271E-04
   0.2    0.520E-04
   0.3    0.886E-04
   0.4    0.139E-03
   0.4    0.204E-03
   0.5    0.286E-03
   0.5    0.386E-03
   0.6    0.505E-03
   0.6    0.644E-03
   0.7    0.802E-03
   0.7    0.979E-03
   0.8    0.118E-02
   0.8    0.139E-02
   0.9    0.162E-02
   0.9    0.187E-02
   1.0    0.214E-02
   1.0    0.241E-02
   1.1    0.269E-02
   1.1    0.298E-02
   1.2    0.328E-02
   1.2    0.357E-02
   1.2    0.387E-02
   1.3    0.415E-02
   1.4    0.443E-02
   1.4    0.469E-02
   1.5    0.493E-02
   1.5    0.515E-02
   1.6    0.535E-02
   1.6    0.552E-02
   1.7    0.565E-02
   1.7    0.575E-02
   1.8    0.581E-02
   1.8    0.583E-02
   1.9    0.580E-02
   1.9    0.573E-02
   2.0    0.560E-02
   2.0    0.543E-02
   2.1    0.521E-02
   2.1    0.493E-02
   2.1    0.461E-02
   2.2    0.423E-02
   2.2    0.380E-02
   2.3    0.332E-02
   2.4    0.280E-02
   2.4    0.223E-02
   2.5    0.163E-02
   2.5    0.981E-03
   2.6    0.303E-03
   2.6   -0.403E-03
   2.7   -0.113E-02
   2.7   -0.188E-02
   2.8   -0.264E-02
   2.8   -0.340E-02
   2.9   -0.417E-02
   2.9   -0.493E-02
   3.0   -0.567E-02
   3.0   -0.640E-02
   3.1   -0.710E-02
   3.1   -0.776E-02
   3.2   -0.838E-02
   3.2   -0.896E-02
   3.2   -0.948E-02
   3.3   -0.995E-02
   3.4   -0.103E-01
   3.4   -0.107E-01
   3.5   -0.109E-01
   3.5   -0.111E-01
   3.6   -0.112E-01
   3.6   -0.112E-01
   3.7   -0.111E-01
   3.7   -0.109E-01
   3.8   -0.107E-01
   3.8   -0.103E-01
   3.9   -0.983E-02
   3.9   -0.929E-02
   4.0   -0.865E-02
   4.0   -0.793E-02
   4.0   -0.713E-02
   4.1   -0.625E-02
   4.2   -0.529E-02
   4.2   -0.427E-02
   4.2   -0.319E-02
   4.3   -0.205E-02
   4.4   -0.867E-03
   4.4    0.352E-03
   4.5    0.160E-02
   4.5    0.287E-02
   4.5    0.414E-02
   4.6    0.542E-02
   4.7    0.668E-02
   4.7    0.793E-02
   4.8    0.914E-02
   4.8    0.103E-01
   4.9    0.114E-01
   4.9    0.125E-01
   5.0    0.135E-01
   5.0    0.144E-01
   5.1    0.152E-01
   5.1    0.159E-01
   5.2    0.165E-01
   5.2    0.170E-01
   5.2    0.174E-01
   5.3    0.177E-01
   5.4    0.178E-01
   5.4    0.178E-01
   5.5    0.177E-01
   5.5    0.175E-01
   5.6    0.171E-01
   5.6    0.165E-01
   5.7    0.159E-01
   5.7    0.151E-01
   5.8    0.142E-01
   5.8    0.131E-01
   5.9    0.120E-01
   5.9    0.107E-01
   6.0    0.940E-02
   6.0    0.796E-02
   6.1    0.645E-02
   6.1    0.486E-02
   6.2    0.322E-02
   6.2    0.154E-02
   6.2   -0.180E-03
   6.3   -0.192E-02
   6.4   -0.366E-02
   6.4   -0.539E-02
   6.5   -0.710E-02
   6.5   -0.877E-02
   6.6   -0.104E-01
   6.6   -0.120E-01
   6.7   -0.134E-01
   6.7   -0.148E-01
   6.8   -0.161E-01
   6.8   -0.173E-01
   6.9   -0.184E-01
   6.9   -0.193E-01
   7.0   -0.201E-01
   7.0   -0.207E-01
   7.1   -0.212E-01
   7.1   -0.215E-01
   7.2   -0.216E-01
   7.2   -0.216E-01
   7.2   -0.214E-01
   7.3   -0.210E-01
   7.4   -0.204E-01
   7.4   -0.197E-01
   7.5   -0.188E-01
   7.5   -0.177E-01
   7.6   -0.165E-01
   7.6   -0.151E-01
   7.7   -0.136E-01
   7.7   -0.120E-01
   7.8   -0.102E-01
   7.8   -0.836E-02
   7.9   -0.640E-02
   7.9   -0.435E-02
   8.0   -0.225E-02
   8.0   -0.896E-04
   8.1    0.210E-02
   8.1    0.431E-02
   8.2    0.651E-02
   8.2    0.870E-02
   8.2    0.108E-01
   8.3    0.129E-01
   8.3    0.150E-01
   8.4    0.169E-01
   8.5    0.187E-01
   8.5    0.205E-01
   8.6    0.220E-01
   8.6    0.235E-01
   8.7    0.248E-01
   8.7    0.259E-01
   8.8    0.268E-01
   8.8    0.275E-01
   8.8    0.281E-01
   8.9    0.284E-01
   9.0    0.285E-01
   9.0    0.284E-01
   9.1    0.281E-01
   9.1    0.275E-01
   9.2    0.268E-01
   9.2    0.258E-01
   9.2    0.247E-01
   9.3    0.233E-01
   9.3    0.218E-01
   9.4    0.200E-01
   9.5    0.182E-01
   9.5    0.161E-01
   9.6    0.139E-01
   9.6    0.116E-01
   9.7    0.916E-02
   9.7    0.664E-02
   9.8    0.405E-02
   9.8    0.140E-02
   9.9   -0.128E-02
   9.9   -0.397E-02
  10.0   -0.666E-02
  10.0   -0.931E-02
  10.1   -0.119E-01
  10.1   -0.145E-01
  10.2   -0.169E-01
  10.2   -0.193E-01
  10.2   -0.215E-01
  10.3   -0.235E-01
  10.4   -0.254E-01
  10.4   -0.272E-01
  10.5   -0.287E-01
  10.5   -0.300E-01
  10.6   -0.311E-01
  10.6   -0.320E-01
  10.7   -0.326E-01
  10.7   -0.330E-01
  10.8   -0.332E-01
  10.8   -0.331E-01
  10.9   -0.327E-01
  10.9   -0.321E-01
  11.0   -0.312E-01
  11.0   -0.301E-01
  11.1   -0.288E-01
  11.1   -0.272E-01
  11.2   -0.254E-01
  11.2   -0.234E-01
  11.2   -0.212E-01
  11.3   -0.188E-01
  11.4   -0.163E-01
  11.4   -0.136E-01
  11.5   -0.109E-01
  11.5   -0.797E-02
  11.6   -0.500E-02
  11.6   -0.198E-02
  11.7    0.107E-02
  11.7    0.413E-02
  11.8    0.717E-02
  11.8    0.102E-01
  11.9    0.131E-01
  11.9    0.160E-01
  12.0    0.187E-01
  12.0    0.213E-01
  12.1    0.238E-01
  12.1    0.261E-01
  12.2    0.282E-01
  12.2    0.301E-01
  12.2    0.317E-01
  12.3    0.331E-01
  12.4    0.343E-01
  12.4    0.352E-01
  12.5    0.358E-01
  12.5    0.361E-01
  12.6    0.362E-01
  12.6    0.359E-01
  12.7    0.354E-01
  12.7    0.346E-01
  12.8    0.335E-01
  12.8    0.321E-01
  12.9    0.305E-01
  12.9    0.286E-01
  13.0    0.265E-01
  13.0    0.241E-01
  13.1    0.215E-01
  13.1    0.187E-01
  13.2    0.158E-01
  13.2    0.127E-01
  13.2    0.944E-02
  13.3    0.610E-02
  13.4    0.268E-02
  13.4   -0.791E-03
  13.5   -0.429E-02
  13.5   -0.780E-02
  13.6   -0.113E-01
  13.6   -0.147E-01
  13.7   -0.180E-01
  13.7   -0.213E-01
  13.8   -0.244E-01
  13.8   -0.273E-01
  13.9   -0.301E-01
  13.9   -0.327E-01
  14.0   -0.350E-01
  14.0   -0.371E-01
  14.1   -0.390E-01
  14.1   -0.406E-01
  14.2   -0.418E-01
  14.2   -0.428E-01
  14.2   -0.435E-01
  14.3   -0.438E-01
  14.4   -0.439E-01
  14.4   -0.436E-01
  14.5   -0.430E-01
  14.5   -0.420E-01
  14.6   -0.408E-01
  14.6   -0.392E-01
  14.7   -0.373E-01
  14.7   -0.352E-01
  14.8   -0.328E-01
  14.8   -0.301E-01
  14.9   -0.272E-01
  14.9   -0.241E-01
  15.0   -0.208E-01
  15.0   -0.174E-01
  15.1   -0.138E-01
  15.1   -0.101E-01
  15.2   -0.628E-02
  15.2   -0.243E-02
  15.2    0.144E-02
  15.3    0.531E-02
  15.4    0.915E-02
  15.4    0.129E-01
  15.5    0.166E-01
  15.5    0.202E-01
  15.6    0.236E-01
  15.6    0.268E-01
  15.7    0.298E-01
  15.7    0.326E-01
  15.8    0.352E-01
  15.8    0.375E-01
  15.9    0.395E-01
  15.9    0.412E-01
  16.0    0.425E-01
  16.0    0.436E-01
  16.1    0.443E-01
  16.1    0.446E-01
  16.2    0.446E-01
  16.2    0.443E-01
  16.2    0.436E-01
  16.3    0.425E-01
  16.4    0.411E-01
  16.4    0.394E-01
  16.4    0.374E-01
  16.5    0.350E-01
  16.6    0.324E-01
  16.6    0.295E-01
  16.7    0.263E-01
  16.7    0.230E-01
  16.8    0.194E-01
  16.8    0.157E-01
  16.9    0.118E-01
  16.9    0.778E-02
  16.9    0.370E-02
  17.0   -0.425E-03
  17.1   -0.457E-02
  17.1   -0.871E-02
  17.2   -0.128E-01
  17.2   -0.168E-01
  17.2   -0.207E-01
  17.3   -0.245E-01
  17.4   -0.281E-01
  17.4   -0.314E-01
  17.4   -0.346E-01
  17.5   -0.375E-01
  17.6   -0.401E-01
  17.6   -0.425E-01
  17.7   -0.445E-01
  17.7   -0.462E-01
  17.8   -0.475E-01
  17.8   -0.485E-01
  17.9   -0.491E-01
  17.9   -0.493E-01
  17.9   -0.492E-01
  18.0   -0.486E-01
  18.1   -0.477E-01
  18.1   -0.464E-01
  18.2   -0.448E-01
  18.2   -0.428E-01
  18.2   -0.404E-01
  18.3   -0.377E-01
  18.4   -0.348E-01
  18.4   -0.315E-01
  18.4   -0.280E-01
  18.5   -0.242E-01
  18.6   -0.202E-01
  18.6   -0.161E-01
  18.7   -0.118E-01
  18.7   -0.742E-02
  18.8   -0.294E-02
  18.8    0.159E-02
  18.9    0.613E-02
  18.9    0.107E-01
  18.9    0.151E-01
  19.0    0.195E-01
  19.1    0.237E-01
  19.1    0.278E-01
  19.2    0.317E-01
  19.2    0.354E-01
  19.2    0.388E-01
  19.3    0.420E-01
  19.4    0.448E-01
  19.4    0.474E-01
  19.5    0.495E-01
  19.5    0.514E-01
  19.6    0.528E-01
  19.6    0.539E-01
  19.7    0.546E-01
  19.7    0.548E-01
  19.8    0.547E-01
  19.8    0.541E-01
  19.9    0.532E-01
  19.9    0.518E-01
  20.0    0.501E-01
  20.0    0.480E-01
  20.1    0.455E-01
  20.1    0.427E-01
  20.2    0.396E-01
  20.2    0.361E-01
  20.2    0.325E-01
  20.3    0.285E-01
  20.4    0.244E-01
  20.4    0.200E-01
  20.5    0.155E-01
  20.5    0.109E-01
  20.6    0.627E-02
  20.6    0.155E-02
  20.7   -0.317E-02
  20.7   -0.786E-02
  20.8   -0.125E-01
  20.8   -0.170E-01
  20.9   -0.214E-01
  20.9   -0.256E-01
  21.0   -0.296E-01
  21.0   -0.334E-01
  21.1   -0.369E-01
  21.1   -0.401E-01
  21.2   -0.430E-01
  21.2   -0.455E-01
  21.2   -0.477E-01
  21.3   -0.495E-01
  21.4   -0.509E-01
  21.4   -0.519E-01
  21.5   -0.525E-01
  21.5   -0.526E-01
  21.6   -0.524E-01
  21.6   -0.517E-01
  21.7   -0.505E-01
  21.7   -0.490E-01
  21.8   -0.471E-01
  21.8   -0.448E-01
  21.9   -0.421E-01
  21.9   -0.391E-01
  22.0   -0.357E-01
  22.0   -0.320E-01
  22.1   -0.281E-01
  22.1   -0.239E-01
  22.2   -0.195E-01
  22.2   -0.149E-01
  22.2   -0.102E-01
  22.3   -0.535E-02
  22.4   -0.449E-03
  22.4    0.449E-02
  22.5    0.942E-02
  22.5    0.143E-01
  22.6    0.191E-01
  22.6    0.238E-01
  22.7    0.283E-01
  22.7    0.327E-01
  22.8    0.368E-01
  22.8    0.407E-01
  22.9    0.442E-01
  22.9    0.475E-01
  23.0    0.504E-01
  23.0    0.530E-01
  23.1    0.551E-01
  23.1    0.569E-01
  23.2    0.582E-01
  23.2    0.592E-01
  23.2    0.596E-01
  23.3    0.597E-01
  23.4    0.592E-01
  23.4    0.584E-01
  23.5    0.571E-01
  23.5    0.554E-01
  23.6    0.532E-01
  23.6    0.507E-01
  23.7    0.478E-01
  23.7    0.445E-01
  23.8    0.409E-01
  23.8    0.369E-01
  23.9    0.327E-01
  23.9    0.283E-01
  24.0    0.236E-01
  24.0    0.187E-01
  24.1    0.137E-01
  24.1    0.862E-02
  24.2    0.345E-02
  24.2   -0.175E-02
  24.2   -0.694E-02
  24.3   -0.121E-01
  24.4   -0.171E-01
  24.4   -0.220E-01
  24.5   -0.268E-01
  24.5   -0.313E-01
  24.6   -0.357E-01
  24.6   -0.397E-01
  24.7   -0.434E-01
  24.7   -0.468E-01
  24.8   -0.499E-01
  24.8   -0.526E-01
  24.9   -0.548E-01
  24.9   -0.567E-01
  25.0   -0.581E-01
  25.0   -0.591E-01
  25.1   -0.596E-01
  25.1   -0.596E-01
  25.2   -0.592E-01
  25.2   -0.584E-01
  25.2   -0.571E-01
  25.3   -0.554E-01
  25.4   -0.532E-01
  25.4   -0.507E-01
  25.5   -0.477E-01
  25.5   -0.444E-01
  25.6   -0.408E-01
  25.6   -0.368E-01
  25.7   -0.325E-01
  25.7   -0.281E-01
  25.8   -0.234E-01
  25.8   -0.185E-01
  25.9   -0.135E-01
  25.9   -0.834E-02
  26.0   -0.316E-02
  26.0    0.204E-02
  26.1    0.721E-02
  26.1    0.123E-01
  26.2    0.173E-01
  26.2    0.222E-01
  26.2    0.269E-01
  26.3    0.314E-01
  26.4    0.356E-01
  26.4    0.395E-01
  26.5    0.432E-01
  26.5    0.464E-01
  26.6    0.493E-01
  26.6    0.519E-01
  26.7    0.540E-01
  26.7    0.556E-01
  26.8    0.569E-01
  26.8    0.576E-01
  26.9    0.579E-01
  26.9    0.578E-01
  27.0    0.572E-01
  27.0    0.561E-01
  27.1    0.546E-01
  27.1    0.526E-01
  27.2    0.502E-01
  27.2    0.474E-01
  27.2    0.442E-01
  27.3    0.406E-01
  27.4    0.367E-01
  27.4    0.325E-01
  27.5    0.280E-01
  27.5    0.233E-01
  27.6    0.184E-01
  27.6    0.133E-01
  27.7    0.804E-02
  27.7    0.272E-02
  27.8   -0.265E-02
  27.8   -0.803E-02
  27.9   -0.134E-01
  27.9   -0.186E-01
  28.0   -0.238E-01
  28.0   -0.288E-01
  28.1   -0.336E-01
  28.1   -0.382E-01
  28.2   -0.425E-01
  28.2   -0.465E-01
  28.2   -0.502E-01
  28.3   -0.535E-01
  28.4   -0.565E-01
  28.4   -0.590E-01
  28.5   -0.611E-01
  28.5   -0.628E-01
  28.6   -0.640E-01
  28.6   -0.647E-01
  28.7   -0.650E-01
  28.7   -0.648E-01
  28.8   -0.642E-01
  28.8   -0.630E-01
  28.9   -0.614E-01
  28.9   -0.594E-01
  29.0   -0.569E-01
  29.0   -0.541E-01
  29.1   -0.508E-01
  29.1   -0.472E-01
  29.2   -0.432E-01
  29.2   -0.389E-01
  29.2   -0.344E-01
  29.3   -0.296E-01
  29.4   -0.246E-01
  29.4   -0.194E-01
  29.5   -0.141E-01
  29.5   -0.878E-02
  29.6   -0.337E-02
  29.6    0.204E-02
  29.7    0.741E-02
  29.7    0.127E-01
  29.8    0.179E-01
  29.8    0.229E-01
  29.9    0.277E-01
  29.9    0.322E-01
  30.0    0.365E-01
  30.0    0.405E-01
  30.1    0.442E-01
  30.1    0.475E-01
  30.2    0.504E-01
  30.2    0.529E-01
  30.2    0.550E-01
  30.3    0.566E-01
  30.4    0.578E-01
  30.4    0.585E-01
  30.5    0.587E-01
  30.5    0.585E-01
  30.6    0.578E-01
  30.6    0.567E-01
  30.7    0.550E-01
  30.7    0.530E-01
  30.8    0.505E-01
  30.8    0.476E-01
  30.9    0.444E-01
  30.9    0.407E-01
  31.0    0.368E-01
  31.0    0.326E-01
  31.1    0.281E-01
  31.1    0.233E-01
  31.2    0.184E-01
  31.2    0.133E-01
  31.2    0.814E-02
  31.3    0.288E-02
  31.4   -0.241E-02
  31.4   -0.768E-02
  31.5   -0.129E-01
  31.5   -0.180E-01
  31.6   -0.230E-01
  31.6   -0.279E-01
  31.7   -0.325E-01
  31.7   -0.369E-01
  31.8   -0.409E-01
  31.8   -0.447E-01
  31.9   -0.482E-01
  31.9   -0.512E-01
  32.0   -0.539E-01
  32.0   -0.562E-01
  32.1   -0.580E-01
  32.1   -0.594E-01
  32.1   -0.603E-01
  32.2   -0.607E-01
  32.2   -0.607E-01
  32.3   -0.603E-01
  32.4   -0.593E-01
  32.4   -0.579E-01
  32.5   -0.560E-01
  32.5   -0.538E-01
  32.6   -0.511E-01
  32.6   -0.480E-01
  32.6   -0.445E-01
  32.7   -0.407E-01
  32.8   -0.365E-01
  32.8   -0.321E-01
  32.9   -0.274E-01
  32.9   -0.225E-01
  33.0   -0.174E-01
  33.0   -0.122E-01
  33.1   -0.690E-02
  33.1   -0.152E-02
  33.1    0.388E-02
  33.2    0.926E-02
  33.2    0.146E-01
  33.3    0.198E-01
  33.4    0.249E-01
  33.4    0.298E-01
  33.5    0.344E-01
  33.5    0.389E-01
  33.6    0.430E-01
  33.6    0.468E-01
  33.6    0.503E-01
  33.7    0.534E-01
  33.8    0.561E-01
  33.8    0.584E-01
  33.9    0.603E-01
  33.9    0.617E-01
  34.0    0.627E-01
  34.0    0.632E-01
  34.1    0.633E-01
  34.1    0.629E-01
  34.1    0.620E-01
  34.2    0.607E-01
  34.2    0.589E-01
  34.3    0.567E-01
  34.4    0.541E-01
  34.4    0.511E-01
  34.5    0.478E-01
  34.5    0.441E-01
  34.6    0.401E-01
  34.6    0.358E-01
  34.6    0.313E-01
  34.7    0.266E-01
  34.8    0.217E-01
  34.8    0.167E-01
  34.9    0.116E-01
  34.9    0.646E-02
  35.0    0.130E-02
  35.0   -0.385E-02
  35.1   -0.892E-02
  35.1   -0.139E-01
  35.1   -0.187E-01
  35.2   -0.233E-01
  35.2   -0.278E-01
  35.3   -0.319E-01
  35.4   -0.358E-01
  35.4   -0.394E-01
  35.5   -0.426E-01
  35.5   -0.455E-01
  35.6   -0.479E-01
  35.6   -0.500E-01
  35.6   -0.517E-01
  35.7   -0.529E-01
  35.8   -0.536E-01
  35.8   -0.540E-01
  35.9   -0.538E-01
  35.9   -0.533E-01
  36.0   -0.523E-01
  36.0   -0.508E-01
  36.1   -0.489E-01
  36.1   -0.467E-01
  36.1   -0.440E-01
  36.2   -0.410E-01
  36.2   -0.376E-01
  36.3   -0.339E-01
  36.4   -0.299E-01
  36.4   -0.257E-01
  36.5   -0.212E-01
  36.5   -0.166E-01
  36.6   -0.118E-01
  36.6   -0.687E-02
  36.6   -0.188E-02
  36.7    0.314E-02
  36.8    0.816E-02
  36.8    0.131E-01
  36.9    0.180E-01
  36.9    0.228E-01
  37.0    0.274E-01
  37.0    0.319E-01
  37.1    0.361E-01
  37.1    0.400E-01
  37.1    0.437E-01
  37.2    0.470E-01
  37.2    0.500E-01
  37.3    0.527E-01
  37.4    0.549E-01
  37.4    0.568E-01
  37.5    0.582E-01
  37.5    0.592E-01
  37.6    0.598E-01
  37.6    0.599E-01
  37.6    0.596E-01
  37.7    0.589E-01
  37.8    0.577E-01
  37.8    0.562E-01
  37.9    0.542E-01
  37.9    0.518E-01
  38.0    0.490E-01
  38.0    0.459E-01
  38.1    0.425E-01
  38.1    0.387E-01
  38.1    0.347E-01
  38.2    0.305E-01
  38.2    0.260E-01
  38.3    0.214E-01
  38.4    0.166E-01
  38.4    0.117E-01
  38.5    0.681E-02
  38.5    0.184E-02
  38.6   -0.312E-02
  38.6   -0.803E-02
  38.7   -0.129E-01
  38.7   -0.176E-01
  38.8   -0.221E-01
  38.8   -0.265E-01
  38.9   -0.306E-01
  38.9   -0.345E-01
  39.0   -0.381E-01
  39.0   -0.414E-01
  39.1   -0.443E-01
  39.1   -0.469E-01
  39.2   -0.492E-01
  39.2   -0.510E-01
  39.2   -0.525E-01
  39.3   -0.535E-01
  39.4   -0.541E-01
  39.4   -0.543E-01
  39.5   -0.541E-01
  39.5   -0.535E-01
  39.6   -0.525E-01
  39.6   -0.510E-01
  39.7   -0.492E-01
  39.7   -0.470E-01
  39.8   -0.445E-01
  39.8   -0.416E-01
  39.9   -0.385E-01
  39.9   -0.350E-01
  40.0   -0.313E-01
  40.0   -0.274E-01
  40.1   -0.233E-01
  40.1   -0.191E-01
  40.2   -0.147E-01
  40.2   -0.102E-01
  40.2   -0.570E-02
  40.3   -0.117E-02
  40.4    0.334E-02
  40.4    0.779E-02
  40.5    0.122E-01
  40.5    0.164E-01
  40.6    0.205E-01
  40.6    0.244E-01
  40.7    0.280E-01
  40.7    0.315E-01
  40.8    0.346E-01
  40.8    0.374E-01
  40.9    0.400E-01
  40.9    0.422E-01
  41.0    0.440E-01
  41.0    0.454E-01
  41.1    0.465E-01
  41.1    0.472E-01
  41.2    0.475E-01
  41.2    0.474E-01
  41.2    0.469E-01
  41.3    0.460E-01
  41.4    0.448E-01
  41.4    0.431E-01
  41.5    0.411E-01
  41.5    0.388E-01
  41.6    0.361E-01
  41.6    0.332E-01
  41.7    0.300E-01
  41.7    0.265E-01
  41.8    0.228E-01
  41.8    0.188E-01
  41.9    0.148E-01
  41.9    0.106E-01
  42.0    0.626E-02
  42.0    0.188E-02
  42.1   -0.253E-02
  42.1   -0.694E-02
  42.2   -0.113E-01
  42.2   -0.156E-01
  42.2   -0.198E-01
  42.3   -0.239E-01
  42.4   -0.278E-01
  42.4   -0.315E-01
  42.5   -0.350E-01
  42.5   -0.383E-01
  42.6   -0.413E-01
  42.6   -0.440E-01
  42.7   -0.464E-01
  42.7   -0.484E-01
  42.8   -0.501E-01
  42.8   -0.515E-01
  42.9   -0.525E-01
  42.9   -0.531E-01
  43.0   -0.534E-01
  43.0   -0.532E-01
  43.1   -0.527E-01
  43.1   -0.519E-01
  43.2   -0.507E-01
  43.2   -0.491E-01
  43.2   -0.472E-01
  43.3   -0.450E-01
  43.4   -0.425E-01
  43.4   -0.397E-01
  43.5   -0.366E-01
  43.5   -0.333E-01
  43.6   -0.299E-01
  43.6   -0.262E-01
  43.7   -0.224E-01
  43.7   -0.185E-01
  43.8   -0.144E-01
  43.8   -0.104E-01
  43.9   -0.627E-02
  43.9   -0.218E-02
  44.0    0.188E-02
  44.0    0.586E-02
  44.1    0.975E-02
  44.1    0.135E-01
  44.2    0.171E-01
  44.2    0.205E-01
  44.2    0.237E-01
  44.3    0.267E-01
  44.4    0.294E-01
  44.4    0.319E-01
  44.5    0.340E-01
  44.5    0.359E-01
  44.6    0.374E-01
  44.6    0.386E-01
  44.7    0.395E-01
  44.7    0.401E-01
  44.8    0.402E-01
  44.8    0.401E-01
  44.9    0.396E-01
  44.9    0.388E-01
  45.0    0.377E-01
  45.0    0.362E-01
  45.1    0.345E-01
  45.1    0.325E-01
  45.2    0.302E-01
  45.2    0.276E-01
  45.2    0.249E-01
  45.3    0.219E-01
  45.4    0.188E-01
  45.4    0.155E-01
  45.5    0.121E-01
  45.5    0.861E-02
  45.6    0.505E-02
  45.6    0.146E-02
  45.7   -0.214E-02
  45.7   -0.573E-02
  45.8   -0.926E-02
  45.8   -0.127E-01
  45.9   -0.161E-01
  45.9   -0.193E-01
  46.0   -0.223E-01
  46.0   -0.252E-01
  46.1   -0.279E-01
  46.1   -0.303E-01
  46.2   -0.326E-01
  46.2   -0.345E-01
  46.2   -0.362E-01
  46.3   -0.376E-01
  46.4   -0.387E-01
  46.4   -0.395E-01
  46.5   -0.399E-01
  46.5   -0.401E-01
  46.6   -0.400E-01
  46.6   -0.395E-01
  46.7   -0.388E-01
  46.7   -0.377E-01
  46.8   -0.363E-01
  46.8   -0.347E-01
  46.9   -0.328E-01
  46.9   -0.307E-01
  47.0   -0.283E-01
  47.0   -0.257E-01
  47.1   -0.229E-01
  47.1   -0.200E-01
  47.2   -0.169E-01
  47.2   -0.136E-01
  47.2   -0.103E-01
  47.3   -0.691E-02
  47.4   -0.346E-02
  47.4    0.811E-05
  47.5    0.347E-02
  47.5    0.690E-02
  47.6    0.103E-01
  47.6    0.136E-01
  47.7    0.168E-01
  47.7    0.198E-01
  47.8    0.227E-01
  47.8    0.254E-01
  47.9    0.280E-01
  47.9    0.303E-01
  48.0    0.324E-01
  48.0    0.343E-01
  48.1    0.359E-01
  48.1    0.372E-01
  48.2    0.383E-01
  48.2    0.391E-01
  48.2    0.396E-01
  48.3    0.399E-01
  48.4    0.398E-01
  48.4    0.395E-01
  48.5    0.389E-01
  48.5    0.381E-01
  48.6    0.370E-01
  48.6    0.356E-01
  48.7    0.340E-01
  48.7    0.322E-01
  48.8    0.302E-01
  48.8    0.280E-01
  48.9    0.257E-01
  48.9    0.232E-01
  49.0    0.205E-01
  49.0    0.178E-01
  49.1    0.150E-01
  49.1    0.122E-01
  49.2    0.927E-02
  49.2    0.638E-02
  49.2    0.350E-02
  49.3    0.653E-03
  49.4   -0.213E-02
  49.4   -0.483E-02
  49.5   -0.743E-02
  49.5   -0.991E-02
  49.6   -0.122E-01
  49.6   -0.144E-01
  49.7   -0.164E-01
  49.7   -0.182E-01
  49.8   -0.198E-01
  49.8   -0.212E-01
  49.9   -0.224E-01
  49.9   -0.234E-01
  50.0   -0.241E-01
  50.0   -0.245E-01
  50.1   -0.248E-01
  50.1   -0.248E-01
  50.2   -0.245E-01
  50.2   -0.240E-01
  50.2   -0.233E-01
  50.3   -0.223E-01
  50.4   -0.212E-01
  50.4   -0.198E-01
  50.5   -0.183E-01
  50.5   -0.166E-01
  50.6   -0.147E-01
  50.6   -0.127E-01
  50.7   -0.105E-01
  50.7   -0.827E-02
  50.8   -0.592E-02
  50.8   -0.351E-02
  50.9   -0.105E-02
  50.9    0.144E-02
  51.0    0.394E-02
  51.0    0.643E-02
  51.1    0.888E-02
  51.1    0.113E-01
  51.2    0.136E-01
  51.2    0.159E-01
  51.2    0.180E-01
  51.3    0.200E-01
  51.4    0.219E-01
  51.4    0.236E-01
  51.5    0.252E-01
  51.5    0.266E-01
  51.6    0.278E-01
  51.6    0.288E-01
  51.7    0.296E-01
  51.7    0.302E-01
  51.8    0.306E-01
  51.8    0.307E-01
  51.9    0.307E-01
  51.9    0.305E-01
  52.0    0.300E-01
  52.0    0.294E-01
  52.1    0.285E-01
  52.1    0.275E-01
  52.2    0.263E-01
  52.2    0.249E-01
  52.2    0.234E-01
  52.3    0.217E-01
  52.4    0.199E-01
  52.4    0.180E-01
  52.5    0.160E-01
  52.5    0.139E-01
  52.6    0.118E-01
  52.6    0.956E-02
  52.7    0.733E-02
  52.7    0.509E-02
  52.8    0.285E-02
  52.8    0.639E-03
  52.9   -0.154E-02
  52.9   -0.366E-02
  53.0   -0.571E-02
  53.0   -0.768E-02
  53.1   -0.955E-02
  53.1   -0.113E-01
  53.2   -0.129E-01
  53.2   -0.144E-01
  53.2   -0.158E-01
  53.3   -0.170E-01
  53.4   -0.180E-01
  53.4   -0.189E-01
  53.5   -0.196E-01
  53.5   -0.202E-01
  53.6   -0.206E-01
  53.6   -0.208E-01
  53.7   -0.208E-01
  53.7   -0.206E-01
  53.8   -0.203E-01
  53.8   -0.199E-01
  53.9   -0.193E-01
  53.9   -0.185E-01
  54.0   -0.176E-01
  54.0   -0.166E-01
  54.1   -0.155E-01
  54.1   -0.143E-01
  54.2   -0.130E-01
  54.2   -0.116E-01
  54.2   -0.102E-01
  54.3   -0.866E-02
  54.4   -0.713E-02
  54.4   -0.559E-02
  54.5   -0.404E-02
  54.5   -0.249E-02
  54.6   -0.970E-03
  54.6    0.515E-03
  54.7    0.195E-02
  54.7    0.333E-02
  54.8    0.463E-02
  54.8    0.585E-02
  54.9    0.698E-02
  54.9    0.801E-02
  55.0    0.892E-02
  55.0    0.972E-02
  55.1    0.104E-01
  55.1    0.109E-01
  55.2    0.114E-01
  55.2    0.116E-01
  55.2    0.118E-01
  55.3    0.118E-01
  55.4    0.117E-01
  55.4    0.114E-01
  55.5    0.110E-01
  55.5    0.105E-01
  55.6    0.987E-02
  55.6    0.913E-02
  55.7    0.828E-02
  55.7    0.734E-02
  55.8    0.631E-02
  55.8    0.519E-02
  55.9    0.401E-02
  55.9    0.278E-02
  56.0    0.149E-02
  56.0    0.169E-03
  56.1   -0.118E-02
  56.1   -0.254E-02
  56.2   -0.390E-02
  56.2   -0.525E-02
  56.2   -0.658E-02
  56.3   -0.787E-02
  56.4   -0.913E-02
  56.4   -0.103E-01
  56.5   -0.115E-01
  56.5   -0.126E-01
  56.6   -0.136E-01
  56.6   -0.145E-01
  56.7   -0.153E-01
  56.7   -0.160E-01
  56.8   -0.166E-01
  56.8   -0.172E-01
  56.9   -0.176E-01
  56.9   -0.179E-01
  57.0   -0.181E-01
  57.0   -0.182E-01
  57.1   -0.181E-01
  57.1   -0.180E-01
  57.2   -0.178E-01
  57.2   -0.175E-01
  57.2   -0.170E-01
  57.3   -0.165E-01
  57.4   -0.160E-01
  57.4   -0.153E-01
  57.5   -0.146E-01
  57.5   -0.138E-01
  57.6   -0.130E-01
  57.6   -0.121E-01
  57.7   -0.112E-01
  57.7   -0.102E-01
  57.8   -0.928E-02
  57.8   -0.833E-02
  57.9   -0.738E-02
  57.9   -0.644E-02
  58.0   -0.552E-02
  58.0   -0.463E-02
  58.1   -0.378E-02
  58.1   -0.297E-02
  58.2   -0.221E-02
  58.2   -0.151E-02
  58.2   -0.870E-03
  58.3   -0.297E-03
  58.4    0.205E-03
  58.4    0.634E-03
  58.5    0.986E-03
  58.5    0.126E-02
  58.6    0.146E-02
  58.6    0.157E-02
  58.7    0.161E-02
  58.7    0.157E-02
  58.8    0.146E-02
  58.8    0.128E-02
  58.9    0.104E-02
  58.9    0.726E-03
  59.0    0.360E-03
  59.0   -0.580E-04
  59.1   -0.521E-03
  59.1   -0.102E-02
  59.2   -0.155E-02
  59.2   -0.211E-02
  59.2   -0.268E-02
  59.3   -0.326E-02
  59.4   -0.385E-02
  59.4   -0.442E-02
  59.5   -0.499E-02
  59.5   -0.553E-02
  59.6   -0.604E-02
  59.6   -0.652E-02
  59.7   -0.696E-02
  59.7   -0.734E-02
  59.8   -0.768E-02
  59.8   -0.796E-02
  59.9   -0.817E-02
  59.9   -0.832E-02
  60.0   -0.840E-02
  60.0   -0.841E-02
  60.1   -0.835E-02
  60.1   -0.821E-02
  60.2   -0.800E-02
  60.2   -0.772E-02
  60.2   -0.737E-02
  60.3   -0.695E-02
  60.4   -0.646E-02
  60.4   -0.591E-02
  60.5   -0.531E-02
  60.5   -0.465E-02
  60.6   -0.395E-02
  60.6   -0.320E-02
  60.7   -0.242E-02
  60.7   -0.161E-02
  60.8   -0.786E-03
  60.8    0.544E-04
  60.9    0.900E-03
  60.9    0.174E-02
  61.0    0.258E-02
  61.0    0.339E-02
  61.1    0.418E-02
  61.1    0.494E-02
  61.2    0.565E-02
  61.2    0.632E-02
  61.2    0.694E-02
  61.3    0.750E-02
  61.4    0.800E-02
  61.4    0.842E-02
  61.5    0.878E-02
  61.5    0.906E-02
  61.6    0.926E-02
  61.6    0.938E-02
  61.7    0.942E-02
  61.7    0.938E-02
  61.8    0.926E-02
  61.8    0.906E-02
  61.9    0.878E-02
  61.9    0.843E-02
  62.0    0.801E-02
  62.0    0.753E-02
  62.1    0.699E-02
  62.1    0.639E-02
  62.2    0.574E-02
  62.2    0.506E-02
  62.2    0.434E-02
  62.3    0.360E-02
  62.4    0.284E-02
  62.4    0.207E-02
  62.5    0.130E-02
  62.5    0.545E-03
  62.6   -0.194E-03
  62.6   -0.906E-03
  62.7   -0.158E-02
  62.7   -0.221E-02
  62.8   -0.279E-02
  62.8   -0.331E-02
  62.9   -0.377E-02
  62.9   -0.414E-02
  63.0   -0.444E-02
  63.0   -0.466E-02
  63.1   -0.478E-02
  63.1   -0.481E-02
  63.2   -0.475E-02
  63.2   -0.458E-02
  63.2   -0.432E-02
  63.3   -0.396E-02
  63.4   -0.349E-02
  63.4   -0.293E-02
  63.5   -0.228E-02
  63.5   -0.153E-02
  63.6   -0.701E-03
  63.6    0.213E-03
  63.7    0.120E-02
  63.7    0.226E-02
  63.8    0.337E-02
  63.8    0.454E-02
  63.9    0.575E-02
  63.9    0.700E-02
  64.0    0.826E-02
  64.0    0.954E-02
  64.0    0.108E-01
  64.1    0.121E-01
  64.2    0.133E-01
  64.2    0.146E-01
  64.2    0.157E-01
  64.3    0.169E-01
  64.4    0.179E-01
  64.4    0.189E-01
  64.5    0.198E-01
  64.5    0.206E-01
  64.5    0.213E-01
  64.6    0.219E-01
  64.7    0.224E-01
  64.7    0.227E-01
  64.8    0.229E-01
  64.8    0.230E-01
  64.9    0.230E-01
  64.9    0.228E-01
  65.0    0.225E-01
  65.0    0.220E-01
  65.0    0.215E-01
  65.1    0.207E-01
  65.2    0.199E-01
  65.2    0.189E-01
  65.2    0.178E-01
  65.3    0.166E-01
  65.4    0.153E-01
  65.4    0.139E-01
  65.5    0.125E-01
  65.5    0.109E-01
  65.5    0.930E-02
  65.6    0.764E-02
  65.7    0.595E-02
  65.7    0.423E-02
  65.8    0.251E-02
  65.8    0.785E-03
  65.9   -0.916E-03
  65.9   -0.258E-02
  66.0   -0.421E-02
  66.0   -0.577E-02
  66.0   -0.726E-02
  66.1   -0.866E-02
  66.2   -0.996E-02
  66.2   -0.112E-01
  66.2   -0.122E-01
  66.3   -0.132E-01
  66.4   -0.140E-01
  66.4   -0.147E-01
  66.5   -0.152E-01
  66.5   -0.155E-01
  66.5   -0.157E-01
  66.6   -0.157E-01
  66.7   -0.156E-01
  66.7   -0.153E-01
  66.8   -0.148E-01
  66.8   -0.142E-01
  66.9   -0.134E-01
  66.9   -0.125E-01
  67.0   -0.114E-01
  67.0   -0.101E-01
  67.0   -0.880E-02
  67.1   -0.734E-02
  67.2   -0.577E-02
  67.2   -0.411E-02
  67.2   -0.237E-02
  67.3   -0.575E-03
  67.4    0.127E-02
  67.4    0.315E-02
  67.5    0.505E-02
  67.5    0.695E-02
  67.5    0.883E-02
  67.6    0.107E-01
  67.7    0.125E-01
  67.7    0.142E-01
  67.8    0.158E-01
  67.8    0.174E-01
  67.9    0.188E-01
  67.9    0.201E-01
  68.0    0.213E-01
  68.0    0.223E-01
  68.0    0.232E-01
  68.1    0.239E-01
  68.2    0.243E-01
  68.2    0.246E-01
  68.2    0.248E-01
  68.3    0.247E-01
  68.4    0.244E-01
  68.4    0.239E-01
  68.5    0.232E-01
  68.5    0.223E-01
  68.5    0.212E-01
  68.6    0.199E-01
  68.7    0.184E-01
  68.7    0.168E-01
  68.8    0.150E-01
  68.8    0.130E-01
  68.9    0.109E-01
  68.9    0.866E-02
  69.0    0.632E-02
  69.0    0.389E-02
  69.0    0.138E-02
  69.1   -0.119E-02
  69.2   -0.380E-02
  69.2   -0.643E-02
  69.2   -0.906E-02
  69.3   -0.117E-01
  69.4   -0.142E-01
  69.4   -0.168E-01
  69.5   -0.192E-01
  69.5   -0.215E-01
  69.5   -0.237E-01
  69.6   -0.258E-01
  69.7   -0.278E-01
  69.7   -0.295E-01
  69.8   -0.311E-01
  69.8   -0.325E-01
  69.9   -0.337E-01
  69.9   -0.347E-01
  70.0   -0.354E-01
  70.0   -0.360E-01
  70.0   -0.362E-01
  70.1   -0.363E-01
  70.2   -0.361E-01
  70.2   -0.356E-01
  70.2   -0.349E-01
  70.3   -0.340E-01
  70.4   -0.329E-01
  70.4   -0.315E-01
  70.5   -0.299E-01
  70.5   -0.282E-01
  70.5   -0.262E-01
  70.6   -0.241E-01
  70.7   -0.218E-01
  70.7   -0.194E-01
  70.8   -0.168E-01
  70.8   -0.142E-01
  70.9   -0.115E-01
  70.9   -0.868E-02
  71.0   -0.587E-02
  71.0   -0.304E-02
  71.0   -0.224E-03
  71.1    0.256E-02
  71.2    0.528E-02
  71.2    0.793E-02
  71.2    0.105E-01
  71.3    0.129E-01
  71.4    0.152E-01
  71.4    0.173E-01
  71.5    0.193E-01
  71.5    0.210E-01
  71.5    0.226E-01
  71.6    0.239E-01
  71.7    0.250E-01
  71.7    0.258E-01
  71.8    0.264E-01
  71.8    0.267E-01
  71.9    0.267E-01
  71.9    0.265E-01
  72.0    0.260E-01
  72.0    0.252E-01
  72.0    0.242E-01
  72.1    0.229E-01
  72.2    0.214E-01
  72.2    0.197E-01
  72.2    0.177E-01
  72.3    0.155E-01
  72.4    0.131E-01
  72.4    0.105E-01
  72.5    0.780E-02
  72.5    0.494E-02
  72.5    0.197E-02
  72.6   -0.109E-02
  72.7   -0.422E-02
  72.7   -0.740E-02
  72.8   -0.106E-01
  72.8   -0.138E-01
  72.9   -0.169E-01
  72.9   -0.200E-01
  73.0   -0.230E-01
  73.0   -0.259E-01
  73.0   -0.287E-01
  73.1   -0.313E-01
  73.2   -0.337E-01
  73.2   -0.359E-01
  73.2   -0.379E-01
  73.3   -0.397E-01
  73.4   -0.412E-01
  73.4   -0.425E-01
  73.5   -0.434E-01
  73.5   -0.441E-01
  73.5   -0.445E-01
  73.6   -0.446E-01
  73.7   -0.443E-01
  73.7   -0.438E-01
  73.8   -0.430E-01
  73.8   -0.418E-01
  73.9   -0.404E-01
  73.9   -0.386E-01
  74.0   -0.366E-01
  74.0   -0.344E-01
  74.0   -0.319E-01
  74.1   -0.291E-01
  74.2   -0.262E-01
  74.2   -0.230E-01
  74.2   -0.197E-01
  74.3   -0.162E-01
  74.4   -0.126E-01
  74.4   -0.895E-02
  74.5   -0.520E-02
  74.5   -0.142E-02
  74.5    0.238E-02
  74.6    0.615E-02
  74.7    0.989E-02
  74.7    0.135E-01
  74.8    0.171E-01
  74.8    0.205E-01
  74.9    0.238E-01
  74.9    0.269E-01
  75.0    0.298E-01
  75.0    0.324E-01
  75.0    0.349E-01
  75.1    0.370E-01
  75.2    0.389E-01
  75.2    0.405E-01
  75.2    0.417E-01
  75.3    0.427E-01
  75.4    0.433E-01
  75.4    0.436E-01
  75.5    0.435E-01
  75.5    0.431E-01
  75.5    0.424E-01
  75.6    0.414E-01
  75.7    0.400E-01
  75.7    0.383E-01
  75.8    0.364E-01
  75.8    0.341E-01
  75.9    0.316E-01
  75.9    0.289E-01
  76.0    0.259E-01
  76.0    0.227E-01
  76.0    0.194E-01
  76.1    0.159E-01
  76.2    0.123E-01
  76.2    0.861E-02
  76.2    0.486E-02
  76.3    0.107E-02
  76.4   -0.271E-02
  76.4   -0.646E-02
  76.5   -0.102E-01
  76.5   -0.138E-01
  76.5   -0.172E-01
  76.6   -0.206E-01
  76.7   -0.237E-01
  76.7   -0.266E-01
  76.8   -0.294E-01
  76.8   -0.318E-01
  76.9   -0.340E-01
  76.9   -0.359E-01
  77.0   -0.375E-01
  77.0   -0.387E-01
  77.1   -0.397E-01
  77.1   -0.402E-01
  77.2   -0.405E-01
  77.2   -0.403E-01
  77.2   -0.398E-01
  77.3   -0.390E-01
  77.4   -0.378E-01
  77.4   -0.362E-01
  77.5   -0.343E-01
  77.5   -0.321E-01
  77.6   -0.296E-01
  77.6   -0.268E-01
  77.7   -0.237E-01
  77.7   -0.204E-01
  77.8   -0.168E-01
  77.8   -0.131E-01
  77.9   -0.916E-02
  77.9   -0.510E-02
  78.0   -0.922E-03
  78.0    0.333E-02
  78.1    0.763E-02
  78.1    0.120E-01
  78.2    0.162E-01
  78.2    0.205E-01
  78.2    0.247E-01
  78.3    0.287E-01
  78.4    0.326E-01
  78.4    0.363E-01
  78.5    0.398E-01
  78.5    0.431E-01
  78.6    0.461E-01
  78.6    0.489E-01
  78.7    0.513E-01
  78.7    0.534E-01
  78.8    0.551E-01
  78.8    0.565E-01
  78.9    0.575E-01
  78.9    0.582E-01
  79.0    0.584E-01
  79.0    0.583E-01
  79.1    0.578E-01
  79.1    0.569E-01
  79.2    0.556E-01
  79.2    0.539E-01
  79.2    0.519E-01
  79.3    0.495E-01
  79.4    0.468E-01
  79.4    0.438E-01
  79.5    0.405E-01
  79.5    0.370E-01
  79.6    0.332E-01
  79.6    0.291E-01
  79.7    0.250E-01
  79.7    0.206E-01
  79.8    0.162E-01
  79.8    0.116E-01
  79.9    0.707E-02
  79.9    0.248E-02
  80.0   -0.208E-02
  80.0   -0.659E-02
  80.1   -0.110E-01
  80.1   -0.153E-01
  80.2   -0.194E-01
  80.2   -0.234E-01
  80.2   -0.271E-01
  80.3   -0.305E-01
  80.4   -0.337E-01
  80.4   -0.366E-01
  80.5   -0.392E-01
  80.5   -0.414E-01
  80.6   -0.433E-01
  80.6   -0.447E-01
  80.7   -0.458E-01
  80.7   -0.465E-01
  80.8   -0.468E-01
  80.8   -0.467E-01
  80.9   -0.462E-01
  80.9   -0.453E-01
  81.0   -0.440E-01
  81.0   -0.423E-01
  81.1   -0.403E-01
  81.1   -0.379E-01
  81.2   -0.351E-01
  81.2   -0.321E-01
  81.2   -0.287E-01
  81.3   -0.251E-01
  81.4   -0.213E-01
  81.4   -0.173E-01
  81.5   -0.131E-01
  81.5   -0.872E-02
  81.6   -0.427E-02
  81.6    0.251E-03
  81.7    0.480E-02
  81.7    0.935E-02
  81.8    0.139E-01
  81.8    0.183E-01
  81.9    0.226E-01
  81.9    0.268E-01
  82.0    0.308E-01
  82.0    0.345E-01
  82.1    0.381E-01
  82.1    0.413E-01
  82.2    0.443E-01
  82.2    0.469E-01
  82.2    0.492E-01
  82.3    0.511E-01
  82.4    0.526E-01
  82.4    0.537E-01
  82.5    0.544E-01
  82.5    0.547E-01
  82.6    0.546E-01
  82.6    0.540E-01
  82.7    0.530E-01
  82.7    0.516E-01
  82.8    0.498E-01
  82.8    0.476E-01
  82.9    0.451E-01
  82.9    0.421E-01
  83.0    0.388E-01
  83.0    0.352E-01
  83.1    0.313E-01
  83.1    0.272E-01
  83.2    0.228E-01
  83.2    0.182E-01
  83.2    0.134E-01
  83.3    0.849E-02
  83.4    0.349E-02
  83.4   -0.158E-02
  83.5   -0.667E-02
  83.5   -0.117E-01
  83.6   -0.168E-01
  83.6   -0.217E-01
  83.7   -0.265E-01
  83.7   -0.311E-01
  83.8   -0.356E-01
  83.8   -0.398E-01
  83.9   -0.437E-01
  83.9   -0.473E-01
  84.0   -0.507E-01
  84.0   -0.536E-01
  84.1   -0.563E-01
  84.1   -0.585E-01
  84.2   -0.603E-01
  84.2   -0.617E-01
  84.2   -0.627E-01
  84.3   -0.632E-01
  84.4   -0.633E-01
  84.4   -0.629E-01
  84.5   -0.621E-01
  84.5   -0.609E-01
  84.6   -0.593E-01
  84.6   -0.572E-01
  84.7   -0.548E-01
  84.7   -0.520E-01
  84.8   -0.488E-01
  84.8   -0.453E-01
  84.9   -0.415E-01
  84.9   -0.375E-01
  85.0   -0.332E-01
  85.0   -0.287E-01
  85.1   -0.240E-01
  85.1   -0.192E-01
  85.2   -0.143E-01
  85.2   -0.933E-02
  85.2   -0.435E-02
  85.3    0.604E-03
  85.4    0.550E-02
  85.4    0.103E-01
  85.5    0.150E-01
  85.5    0.195E-01
  85.6    0.237E-01
  85.6    0.278E-01
  85.7    0.316E-01
  85.7    0.350E-01
  85.8    0.382E-01
  85.8    0.410E-01
  85.9    0.434E-01
  85.9    0.454E-01
  86.0    0.470E-01
  86.0    0.482E-01
  86.1    0.489E-01
  86.1    0.492E-01
  86.2    0.491E-01
  86.2    0.485E-01
  86.2    0.475E-01
  86.3    0.460E-01
  86.4    0.441E-01
  86.4    0.419E-01
  86.5    0.392E-01
  86.5    0.362E-01
  86.6    0.328E-01
  86.6    0.291E-01
  86.7    0.251E-01
  86.7    0.209E-01
  86.8    0.164E-01
  86.8    0.117E-01
  86.9    0.691E-02
  86.9    0.197E-02
  87.0   -0.304E-02
  87.0   -0.810E-02
  87.1   -0.132E-01
  87.1   -0.182E-01
  87.2   -0.231E-01
  87.2   -0.279E-01
  87.2   -0.326E-01
  87.3   -0.371E-01
  87.4   -0.413E-01
  87.4   -0.453E-01
  87.5   -0.490E-01
  87.5   -0.524E-01
  87.6   -0.554E-01
  87.6   -0.581E-01
  87.7   -0.603E-01
  87.7   -0.622E-01
  87.8   -0.636E-01
  87.8   -0.645E-01
  87.9   -0.651E-01
  87.9   -0.651E-01
  88.0   -0.647E-01
  88.0   -0.639E-01
  88.1   -0.626E-01
  88.1   -0.609E-01
  88.2   -0.587E-01
  88.2   -0.561E-01
  88.2   -0.532E-01
  88.3   -0.498E-01
  88.4   -0.461E-01
  88.4   -0.421E-01
  88.5   -0.378E-01
  88.5   -0.332E-01
  88.6   -0.284E-01
  88.6   -0.234E-01
  88.7   -0.183E-01
  88.7   -0.130E-01
  88.8   -0.772E-02
  88.8   -0.235E-02
  88.9    0.301E-02
  88.9    0.833E-02
  89.0    0.136E-01
  89.0    0.187E-01
  89.1    0.236E-01
  89.1    0.284E-01
  89.2    0.329E-01
  89.2    0.372E-01
  89.2    0.411E-01
  89.3    0.448E-01
  89.4    0.481E-01
  89.4    0.510E-01
  89.5    0.535E-01
  89.5    0.556E-01
  89.6    0.572E-01
  89.6    0.584E-01
  89.7    0.592E-01
  89.7    0.595E-01
  89.8    0.594E-01
  89.8    0.588E-01
  89.9    0.577E-01
  89.9    0.563E-01
  90.0    0.543E-01
  90.0    0.520E-01
  90.1    0.493E-01
  90.1    0.463E-01
  90.2    0.428E-01
  90.2    0.391E-01
  90.2    0.351E-01
  90.3    0.308E-01
  90.4    0.264E-01
  90.4    0.217E-01
  90.5    0.169E-01
  90.5    0.120E-01
  90.6    0.701E-02
  90.6    0.201E-02
  90.7   -0.299E-02
  90.7   -0.792E-02
  90.8   -0.128E-01
  90.8   -0.175E-01
  90.9   -0.220E-01
  90.9   -0.264E-01
  91.0   -0.305E-01
  91.0   -0.343E-01
  91.1   -0.378E-01
  91.1   -0.410E-01
  91.2   -0.439E-01
  91.2   -0.464E-01
  91.2   -0.484E-01
  91.3   -0.501E-01
  91.4   -0.513E-01
  91.4   -0.521E-01
  91.5   -0.524E-01
  91.5   -0.523E-01
  91.6   -0.517E-01
  91.6   -0.507E-01
  91.7   -0.492E-01
  91.7   -0.474E-01
  91.8   -0.451E-01
  91.8   -0.424E-01
  91.9   -0.393E-01
  91.9   -0.359E-01
  92.0   -0.321E-01
  92.0   -0.280E-01
  92.1   -0.237E-01
  92.1   -0.191E-01
  92.2   -0.144E-01
  92.2   -0.944E-02
  92.2   -0.438E-02
  92.3    0.779E-03
  92.4    0.599E-02
  92.4    0.112E-01
  92.5    0.164E-01
  92.5    0.215E-01
  92.6    0.265E-01
  92.6    0.314E-01
  92.7    0.361E-01
  92.7    0.406E-01
  92.8    0.448E-01
  92.8    0.487E-01
  92.9    0.524E-01
  92.9    0.557E-01
  93.0    0.586E-01
  93.0    0.611E-01
  93.1    0.632E-01
  93.1    0.650E-01
  93.2    0.662E-01
  93.2    0.671E-01
  93.2    0.674E-01
  93.3    0.674E-01
  93.4    0.669E-01
  93.4    0.659E-01
  93.5    0.645E-01
  93.5    0.626E-01
  93.6    0.604E-01
  93.6    0.577E-01
  93.7    0.547E-01
  93.7    0.514E-01
  93.8    0.477E-01
  93.8    0.437E-01
  93.9    0.394E-01
  93.9    0.349E-01
  94.0    0.302E-01
  94.0    0.254E-01
  94.1    0.204E-01
  94.1    0.153E-01
  94.2    0.102E-01
  94.2    0.504E-02
  94.2   -0.693E-04
  94.3   -0.511E-02
  94.4   -0.100E-01
  94.4   -0.148E-01
  94.5   -0.195E-01
  94.5   -0.239E-01
  94.6   -0.280E-01
  94.6   -0.319E-01
  94.7   -0.355E-01
  94.7   -0.387E-01
  94.8   -0.416E-01
  94.8   -0.441E-01
  94.9   -0.462E-01
  94.9   -0.480E-01
  95.0   -0.492E-01
  95.0   -0.501E-01
  95.1   -0.505E-01
  95.1   -0.505E-01
  95.2   -0.501E-01
  95.2   -0.492E-01
  95.2   -0.480E-01
  95.3   -0.463E-01
  95.4   -0.442E-01
  95.4   -0.417E-01
  95.5   -0.389E-01
  95.5   -0.358E-01
  95.6   -0.323E-01
  95.6   -0.286E-01
  95.7   -0.246E-01
  95.7   -0.204E-01
  95.8   -0.160E-01
  95.8   -0.115E-01
  95.9   -0.690E-02
  95.9   -0.220E-02
  96.0    0.253E-02
  96.0    0.726E-02
  96.1    0.119E-01
  96.1    0.165E-01
  96.2    0.210E-01
  96.2    0.254E-01
  96.2    0.295E-01
  96.3    0.335E-01
  96.4    0.372E-01
  96.4    0.406E-01
  96.5    0.437E-01
  96.5    0.464E-01
  96.6    0.488E-01
  96.6    0.509E-01
  96.7    0.525E-01
  96.7    0.538E-01
  96.8    0.546E-01
  96.8    0.551E-01
  96.9    0.551E-01
  96.9    0.546E-01
  97.0    0.538E-01
  97.0    0.525E-01
  97.1    0.508E-01
  97.1    0.488E-01
  97.2    0.463E-01
  97.2    0.435E-01
  97.2    0.404E-01
  97.3    0.369E-01
  97.4    0.332E-01
  97.4    0.291E-01
  97.5    0.249E-01
  97.5    0.204E-01
  97.6    0.158E-01
  97.6    0.111E-01
  97.7    0.624E-02
  97.7    0.133E-02
  97.8   -0.360E-02
  97.8   -0.852E-02
  97.9   -0.134E-01
  97.9   -0.182E-01
  98.0   -0.229E-01
  98.0   -0.274E-01
  98.1   -0.317E-01
  98.1   -0.358E-01
  98.2   -0.397E-01
  98.2   -0.433E-01
  98.2   -0.465E-01
  98.3   -0.495E-01
  98.4   -0.521E-01
  98.4   -0.544E-01
  98.5   -0.562E-01
  98.5   -0.577E-01
  98.6   -0.588E-01
  98.6   -0.595E-01
  98.7   -0.597E-01
  98.7   -0.596E-01
  98.8   -0.590E-01
  98.8   -0.581E-01
  98.9   -0.567E-01
  98.9   -0.550E-01
  99.0   -0.529E-01
  99.0   -0.505E-01
  99.1   -0.477E-01
  99.1   -0.447E-01
  99.2   -0.413E-01
  99.2   -0.377E-01
  99.2   -0.339E-01
  99.3   -0.299E-01
  99.4   -0.258E-01
  99.4   -0.215E-01
  99.5   -0.171E-01
  99.5   -0.127E-01
  99.6   -0.825E-02
  99.6   -0.381E-02
  99.7    0.578E-03
  99.7    0.488E-02
  99.8    0.908E-02
  99.8    0.131E-01
  99.9    0.170E-01
  99.9    0.206E-01
 100.0    0.241E-01
 100.0    0.272E-01
