节点位移:      35.0000
   0.0    0.000E+00
   0.0    0.000E+00
   0.0    0.000E+00
   0.0    0.000E+00
   0.0    0.000E+00
   0.0    0.000E+00
   0.0    0.000E+00
   0.0    0.000E+00
   0.0    0.000E+00
   0.0    0.000E+00
   0.0    0.000E+00
   0.0    0.000E+00
   0.0    0.000E+00
   0.0    0.000E+00
   0.0    0.000E+00
   0.0    0.000E+00
   0.0    0.000E+00
   0.0    0.000E+00
   0.0    0.000E+00
   0.0    0.000E+00
   0.0    0.000E+00
   0.0    0.000E+00
   0.0    0.000E+00
   0.0    0.000E+00
   0.0    0.000E+00
   0.1    0.498E-05
   0.2    0.295E-04
   0.3    0.917E-04
   0.4    0.207E-03
   0.5    0.389E-03
   0.6    0.646E-03
   0.7    0.980E-03
   0.8    0.139E-02
   0.9    0.187E-02
   1.0    0.240E-02
   1.1    0.297E-02
   1.2    0.356E-02
   1.3    0.413E-02
   1.4    0.466E-02
   1.5    0.513E-02
   1.6    0.549E-02
   1.7    0.572E-02
   1.8    0.580E-02
   1.9    0.570E-02
   2.0    0.541E-02
   2.1    0.492E-02
   2.2    0.422E-02
   2.3    0.332E-02
   2.4    0.224E-02
   2.5    0.100E-02
   2.6   -0.370E-03
   2.7   -0.183E-02
   2.8   -0.335E-02
   2.9   -0.486E-02
   3.0   -0.632E-02
   3.1   -0.768E-02
   3.2   -0.888E-02
   3.3   -0.986E-02
   3.4   -0.106E-01
   3.5   -0.110E-01
   3.6   -0.111E-01
   3.7   -0.109E-01
   3.8   -0.103E-01
   3.9   -0.928E-02
   4.0   -0.795E-02
   4.1   -0.629E-02
   4.2   -0.433E-02
   4.3   -0.214E-02
   4.4    0.240E-03
   4.5    0.273E-02
   4.6    0.527E-02
   4.7    0.777E-02
   4.8    0.101E-01
   4.9    0.123E-01
   5.0    0.142E-01
   5.1    0.158E-01
   5.2    0.169E-01
   5.3    0.176E-01
   5.4    0.178E-01
   5.5    0.174E-01
   5.6    0.165E-01
   5.7    0.151E-01
   5.8    0.132E-01
   5.9    0.109E-01
   6.0    0.814E-02
   6.1    0.508E-02
   6.2    0.178E-02
   6.3   -0.164E-02
   6.4   -0.510E-02
   6.5   -0.848E-02
   6.6   -0.117E-01
   6.7   -0.146E-01
   6.8   -0.171E-01
   6.9   -0.191E-01
   7.0   -0.205E-01
   7.1   -0.214E-01
   7.2   -0.215E-01
   7.3   -0.210E-01
   7.4   -0.198E-01
   7.5   -0.179E-01
   7.6   -0.154E-01
   7.7   -0.123E-01
   7.8   -0.871E-02
   7.9   -0.476E-02
   8.0   -0.530E-03
   8.1    0.384E-02
   8.2    0.822E-02
   8.3    0.125E-01
   8.4    0.165E-01
   8.5    0.201E-01
   8.6    0.231E-01
   8.7    0.256E-01
   8.8    0.273E-01
   8.9    0.283E-01
   9.0    0.284E-01
   9.1    0.277E-01
   9.2    0.261E-01
   9.3    0.237E-01
   9.4    0.205E-01
   9.5    0.166E-01
   9.6    0.122E-01
   9.7    0.730E-02
   9.8    0.210E-02
   9.9   -0.326E-02
  10.0   -0.862E-02
  10.1   -0.138E-01
  10.2   -0.187E-01
  10.3   -0.230E-01
  10.4   -0.268E-01
  10.5   -0.297E-01
  10.6   -0.319E-01
  10.7   -0.330E-01
  10.8   -0.332E-01
  10.9   -0.324E-01
  11.0   -0.306E-01
  11.1   -0.278E-01
  11.2   -0.242E-01
  11.3   -0.197E-01
  11.4   -0.146E-01
  11.5   -0.897E-02
  11.6   -0.300E-02
  11.7    0.313E-02
  11.8    0.923E-02
  11.9    0.151E-01
  12.0    0.206E-01
  12.1    0.255E-01
  12.2    0.296E-01
  12.3    0.329E-01
  12.4    0.352E-01
  12.5    0.364E-01
  12.6    0.364E-01
  12.7    0.353E-01
  12.8    0.330E-01
  12.9    0.297E-01
  13.0    0.253E-01
  13.1    0.200E-01
  13.2    0.141E-01
  13.3    0.752E-02
  13.4    0.611E-03
  13.5   -0.646E-02
  13.6   -0.135E-01
  13.7   -0.202E-01
  13.8   -0.265E-01
  13.9   -0.321E-01
  14.0   -0.368E-01
  14.1   -0.405E-01
  14.2   -0.431E-01
  14.3   -0.444E-01
  14.4   -0.444E-01
  14.5   -0.432E-01
  14.6   -0.406E-01
  14.7   -0.368E-01
  14.8   -0.319E-01
  14.9   -0.260E-01
  15.0   -0.193E-01
  15.1   -0.120E-01
  15.2   -0.427E-02
  15.3    0.362E-02
  15.4    0.114E-01
  15.5    0.189E-01
  15.6    0.259E-01
  15.7    0.321E-01
  15.8    0.373E-01
  15.9    0.414E-01
  16.0    0.442E-01
  16.1    0.457E-01
  16.2    0.457E-01
  16.3    0.443E-01
  16.4    0.415E-01
  16.5    0.374E-01
  16.6    0.320E-01
  16.7    0.256E-01
  16.8    0.182E-01
  16.9    0.103E-01
  17.0    0.190E-02
  17.1   -0.663E-02
  17.2   -0.151E-01
  17.3   -0.231E-01
  17.4   -0.306E-01
  17.5   -0.371E-01
  17.6   -0.427E-01
  17.7   -0.469E-01
  17.8   -0.498E-01
  17.9   -0.511E-01
  18.0   -0.509E-01
  18.1   -0.491E-01
  18.2   -0.458E-01
  18.3   -0.410E-01
  18.4   -0.349E-01
  18.5   -0.276E-01
  18.6   -0.195E-01
  18.7   -0.106E-01
  18.8   -0.128E-02
  18.9    0.819E-02
  19.0    0.175E-01
  19.1    0.264E-01
  19.2    0.346E-01
  19.3    0.419E-01
  19.4    0.480E-01
  19.5    0.527E-01
  19.6    0.559E-01
  19.7    0.575E-01
  19.8    0.574E-01
  19.9    0.556E-01
  20.0    0.521E-01
  20.1    0.470E-01
  20.2    0.406E-01
  20.3    0.329E-01
  20.4    0.242E-01
  20.5    0.148E-01
  20.6    0.498E-02
  20.7   -0.503E-02
  20.8   -0.149E-01
  20.9   -0.243E-01
  21.0   -0.329E-01
  21.1   -0.405E-01
  21.2   -0.469E-01
  21.3   -0.518E-01
  21.4   -0.550E-01
  21.5   -0.565E-01
  21.6   -0.562E-01
  21.7   -0.541E-01
  21.8   -0.502E-01
  21.9   -0.447E-01
  22.0   -0.377E-01
  22.1   -0.294E-01
  22.2   -0.201E-01
  22.3   -0.100E-01
  22.4    0.487E-03
  22.5    0.111E-01
  22.6    0.216E-01
  22.7    0.315E-01
  22.8    0.406E-01
  22.9    0.486E-01
  23.0    0.553E-01
  23.1    0.603E-01
  23.2    0.636E-01
  23.3    0.650E-01
  23.4    0.645E-01
  23.5    0.620E-01
  23.6    0.577E-01
  23.7    0.517E-01
  23.8    0.441E-01
  23.9    0.351E-01
  24.0    0.250E-01
  24.1    0.142E-01
  24.2    0.285E-02
  24.3   -0.860E-02
  24.4   -0.198E-01
  24.5   -0.305E-01
  24.6   -0.403E-01
  24.7   -0.489E-01
  24.8   -0.560E-01
  24.9   -0.615E-01
  25.0   -0.651E-01
  25.1   -0.667E-01
  25.2   -0.663E-01
  25.3   -0.639E-01
  25.4   -0.595E-01
  25.5   -0.534E-01
  25.6   -0.455E-01
  25.7   -0.363E-01
  25.8   -0.259E-01
  25.9   -0.148E-01
  26.0   -0.312E-02
  26.1    0.863E-02
  26.2    0.201E-01
  26.3    0.310E-01
  26.4    0.410E-01
  26.5    0.496E-01
  26.6    0.568E-01
  26.7    0.621E-01
  26.8    0.656E-01
  26.9    0.669E-01
  27.0    0.662E-01
  27.1    0.633E-01
  27.2    0.584E-01
  27.3    0.516E-01
  27.4    0.431E-01
  27.5    0.331E-01
  27.6    0.220E-01
  27.7    0.101E-01
  27.8   -0.232E-02
  27.9   -0.148E-01
  28.0   -0.270E-01
  28.1   -0.385E-01
  28.2   -0.490E-01
  28.3   -0.582E-01
  28.4   -0.657E-01
  28.5   -0.713E-01
  28.6   -0.749E-01
  28.7   -0.764E-01
  28.8   -0.756E-01
  28.9   -0.726E-01
  29.0   -0.675E-01
  29.1   -0.604E-01
  29.2   -0.515E-01
  29.3   -0.411E-01
  29.4   -0.295E-01
  29.5   -0.171E-01
  29.6   -0.418E-02
  29.7    0.881E-02
  29.8    0.215E-01
  29.9    0.335E-01
  30.0    0.444E-01
  30.1    0.539E-01
  30.2    0.617E-01
  30.3    0.675E-01
  30.4    0.713E-01
  30.5    0.728E-01
  30.6    0.720E-01
  30.7    0.689E-01
  30.8    0.637E-01
  30.9    0.564E-01
  31.0    0.473E-01
  31.1    0.366E-01
  31.2    0.248E-01
  31.3    0.121E-01
  31.4   -0.107E-02
  31.5   -0.143E-01
  31.6   -0.271E-01
  31.7   -0.392E-01
  31.8   -0.502E-01
  31.9   -0.597E-01
  32.0   -0.674E-01
  32.1   -0.731E-01
  32.2   -0.765E-01
  32.3   -0.777E-01
  32.4   -0.764E-01
  32.5   -0.728E-01
  32.6   -0.669E-01
  32.7   -0.590E-01
  32.8   -0.492E-01
  32.9   -0.378E-01
  33.0   -0.252E-01
  33.1   -0.117E-01
  33.2    0.227E-02
  33.3    0.162E-01
  33.4    0.298E-01
  33.5    0.426E-01
  33.6    0.542E-01
  33.7    0.642E-01
  33.8    0.724E-01
  33.9    0.785E-01
  34.0    0.823E-01
  34.1    0.837E-01
  34.2    0.826E-01
  34.3    0.791E-01
  34.4    0.733E-01
  34.5    0.653E-01
  34.6    0.554E-01
  34.7    0.439E-01
  34.8    0.311E-01
  34.9    0.175E-01
  35.0    0.340E-02
  35.1   -0.107E-01
  35.2   -0.244E-01
  35.3   -0.373E-01
  35.4   -0.489E-01
  35.5   -0.590E-01
  35.6   -0.671E-01
  35.7   -0.731E-01
  35.8   -0.767E-01
  35.9   -0.779E-01
  36.0   -0.765E-01
  36.1   -0.727E-01
  36.2   -0.665E-01
  36.3   -0.581E-01
  36.4   -0.478E-01
  36.5   -0.359E-01
  36.6   -0.227E-01
  36.7   -0.865E-02
  36.8    0.582E-02
  36.9    0.203E-01
  37.0    0.343E-01
  37.1    0.474E-01
  37.2    0.592E-01
  37.3    0.693E-01
  37.4    0.774E-01
  37.5    0.833E-01
  37.6    0.868E-01
  37.7    0.877E-01
  37.8    0.861E-01
  37.9    0.818E-01
  38.0    0.752E-01
  38.1    0.663E-01
  38.2    0.554E-01
  38.3    0.429E-01
  38.4    0.291E-01
  38.5    0.145E-01
  38.6   -0.637E-03
  38.7   -0.157E-01
  38.8   -0.303E-01
  38.9   -0.439E-01
  39.0   -0.563E-01
  39.1   -0.669E-01
  39.2   -0.755E-01
  39.3   -0.817E-01
  39.4   -0.855E-01
  39.5   -0.867E-01
  39.6   -0.853E-01
  39.7   -0.812E-01
  39.8   -0.747E-01
  39.9   -0.659E-01
  40.0   -0.552E-01
  40.1   -0.427E-01
  40.2   -0.290E-01
  40.3   -0.144E-01
  40.4    0.613E-03
  40.5    0.156E-01
  40.6    0.300E-01
  40.7    0.435E-01
  40.8    0.555E-01
  40.9    0.659E-01
  41.0    0.741E-01
  41.1    0.800E-01
  41.2    0.833E-01
  41.3    0.840E-01
  41.4    0.820E-01
  41.5    0.774E-01
  41.6    0.703E-01
  41.7    0.609E-01
  41.8    0.495E-01
  41.9    0.364E-01
  42.0    0.220E-01
  42.1    0.680E-02
  42.2   -0.879E-02
  42.3   -0.243E-01
  42.4   -0.392E-01
  42.5   -0.531E-01
  42.6   -0.656E-01
  42.7   -0.763E-01
  42.8   -0.848E-01
  42.9   -0.908E-01
  43.0   -0.943E-01
  43.1   -0.950E-01
  43.2   -0.930E-01
  43.3   -0.883E-01
  43.4   -0.811E-01
  43.5   -0.715E-01
  43.6   -0.599E-01
  43.7   -0.466E-01
  43.8   -0.319E-01
  43.9   -0.165E-01
  44.0   -0.594E-03
  44.1    0.152E-01
  44.2    0.303E-01
  44.3    0.445E-01
  44.4    0.572E-01
  44.5    0.680E-01
  44.6    0.766E-01
  44.7    0.828E-01
  44.8    0.863E-01
  44.9    0.871E-01
  45.0    0.852E-01
  45.1    0.805E-01
  45.2    0.732E-01
  45.3    0.637E-01
  45.4    0.520E-01
  45.5    0.387E-01
  45.6    0.241E-01
  45.7    0.869E-02
  45.8   -0.708E-02
  45.9   -0.227E-01
  46.0   -0.377E-01
  46.1   -0.516E-01
  46.2   -0.640E-01
  46.3   -0.745E-01
  46.4   -0.827E-01
  46.5   -0.884E-01
  46.6   -0.915E-01
  46.7   -0.917E-01
  46.8   -0.891E-01
  46.9   -0.838E-01
  47.0   -0.759E-01
  47.1   -0.656E-01
  47.2   -0.532E-01
  47.3   -0.392E-01
  47.4   -0.239E-01
  47.5   -0.772E-02
  47.6    0.874E-02
  47.7    0.250E-01
  47.8    0.407E-01
  47.9    0.552E-01
  48.0    0.681E-01
  48.1    0.791E-01
  48.2    0.878E-01
  48.3    0.939E-01
  48.4    0.973E-01
  48.5    0.978E-01
  48.6    0.955E-01
  48.7    0.904E-01
  48.8    0.827E-01
  48.9    0.726E-01
  49.0    0.604E-01
  49.1    0.465E-01
  49.2    0.313E-01
  49.3    0.153E-01
  49.4   -0.100E-02
  49.5   -0.171E-01
  49.6   -0.326E-01
  49.7   -0.469E-01
  49.8   -0.596E-01
  49.9   -0.703E-01
  50.0   -0.787E-01
  50.1   -0.846E-01
  50.2   -0.876E-01
  50.3   -0.878E-01
  50.4   -0.852E-01
  50.5   -0.798E-01
  50.6   -0.717E-01
  50.7   -0.613E-01
  50.8   -0.488E-01
  50.9   -0.346E-01
  51.0   -0.191E-01
  51.1   -0.295E-02
  51.2    0.135E-01
  51.3    0.298E-01
  51.4    0.453E-01
  51.5    0.596E-01
  51.6    0.722E-01
  51.7    0.828E-01
  51.8    0.910E-01
  51.9    0.966E-01
  52.0    0.994E-01
  52.1    0.993E-01
  52.2    0.962E-01
  52.3    0.903E-01
  52.4    0.818E-01
  52.5    0.709E-01
  52.6    0.578E-01
  52.7    0.431E-01
  52.8    0.272E-01
  52.9    0.104E-01
  53.0   -0.657E-02
  53.1   -0.233E-01
  53.2   -0.393E-01
  53.3   -0.541E-01
  53.4   -0.672E-01
  53.5   -0.783E-01
  53.6   -0.869E-01
  53.7   -0.929E-01
  53.8   -0.960E-01
  53.9   -0.962E-01
  54.0   -0.935E-01
  54.1   -0.879E-01
  54.2   -0.797E-01
  54.3   -0.691E-01
  54.4   -0.564E-01
  54.5   -0.420E-01
  54.6   -0.264E-01
  54.7   -0.101E-01
  54.8    0.653E-02
  54.9    0.229E-01
  55.0    0.384E-01
  55.1    0.527E-01
  55.2    0.652E-01
  55.3    0.757E-01
  55.4    0.837E-01
  55.5    0.891E-01
  55.6    0.916E-01
  55.7    0.911E-01
  55.8    0.877E-01
  55.9    0.815E-01
  56.0    0.726E-01
  56.1    0.613E-01
  56.2    0.480E-01
  56.3    0.330E-01
  56.4    0.168E-01
  56.5   -0.668E-04
  56.6   -0.172E-01
  56.7   -0.339E-01
  56.8   -0.499E-01
  56.9   -0.645E-01
  57.0   -0.774E-01
  57.1   -0.881E-01
  57.2   -0.963E-01
  57.3   -0.102E+00
  57.4   -0.104E+00
  57.5   -0.104E+00
  57.6   -0.101E+00
  57.7   -0.943E-01
  57.8   -0.854E-01
  57.9   -0.740E-01
  58.0   -0.606E-01
  58.1   -0.455E-01
  58.2   -0.292E-01
  58.3   -0.122E-01
  58.4    0.504E-02
  58.5    0.219E-01
  58.6    0.380E-01
  58.7    0.527E-01
  58.8    0.656E-01
  58.9    0.764E-01
  59.0    0.847E-01
  59.1    0.903E-01
  59.2    0.929E-01
  59.3    0.926E-01
  59.4    0.893E-01
  59.5    0.831E-01
  59.6    0.743E-01
  59.7    0.631E-01
  59.8    0.498E-01
  59.9    0.349E-01
  60.0    0.189E-01
  60.1    0.213E-02
  60.2   -0.147E-01
  60.3   -0.312E-01
  60.4   -0.468E-01
  60.5   -0.611E-01
  60.6   -0.735E-01
  60.7   -0.837E-01
  60.8   -0.914E-01
  60.9   -0.962E-01
  61.0   -0.982E-01
  61.1   -0.971E-01
  61.2   -0.931E-01
  61.3   -0.862E-01
  61.4   -0.766E-01
  61.5   -0.646E-01
  61.6   -0.506E-01
  61.7   -0.349E-01
  61.8   -0.182E-01
  61.9   -0.723E-03
  62.0    0.168E-01
  62.1    0.340E-01
  62.2    0.502E-01
  62.3    0.650E-01
  62.4    0.779E-01
  62.5    0.886E-01
  62.6    0.968E-01
  62.7    0.102E+00
  62.8    0.104E+00
  62.9    0.104E+00
  63.0    0.100E+00
  63.1    0.935E-01
  63.2    0.843E-01
  63.3    0.726E-01
  63.4    0.589E-01
  63.5    0.436E-01
  63.6    0.272E-01
  63.7    0.101E-01
  63.8   -0.705E-02
  63.9   -0.238E-01
  64.0   -0.396E-01
  64.1   -0.540E-01
  64.2   -0.666E-01
  64.3   -0.769E-01
  64.4   -0.846E-01
  64.5   -0.895E-01
  64.6   -0.914E-01
  64.7   -0.904E-01
  64.8   -0.863E-01
  64.9   -0.794E-01
  65.0   -0.698E-01
  65.1   -0.579E-01
  65.2   -0.440E-01
  65.3   -0.285E-01
  65.4   -0.119E-01
  65.5    0.527E-02
  65.6    0.225E-01
  65.7    0.392E-01
  65.8    0.550E-01
  65.9    0.692E-01
  66.0    0.815E-01
  66.1    0.916E-01
  66.2    0.990E-01
  66.3    0.104E+00
  66.4    0.105E+00
  66.5    0.104E+00
  66.6    0.990E-01
  66.7    0.916E-01
  66.8    0.815E-01
  66.9    0.691E-01
  67.0    0.546E-01
  67.1    0.386E-01
  67.2    0.215E-01
  67.3    0.379E-02
  67.4   -0.139E-01
  67.5   -0.312E-01
  67.6   -0.474E-01
  67.7   -0.621E-01
  67.8   -0.749E-01
  67.9   -0.853E-01
  68.0   -0.932E-01
  68.1   -0.982E-01
  68.2   -0.100E+00
  68.3   -0.991E-01
  68.4   -0.950E-01
  68.5   -0.880E-01
  68.6   -0.784E-01
  68.7   -0.664E-01
  68.8   -0.525E-01
  68.9   -0.370E-01
  69.0   -0.205E-01
  69.1   -0.338E-02
  69.2    0.137E-01
  69.3    0.303E-01
  69.4    0.458E-01
  69.5    0.598E-01
  69.6    0.718E-01
  69.7    0.815E-01
  69.8    0.886E-01
  69.9    0.928E-01
  70.0    0.939E-01
  70.1    0.921E-01
  70.2    0.872E-01
  70.3    0.795E-01
  70.4    0.691E-01
  70.5    0.564E-01
  70.6    0.418E-01
  70.7    0.257E-01
  70.8    0.862E-02
  70.9   -0.899E-02
  71.0   -0.265E-01
  71.1   -0.435E-01
  71.2   -0.594E-01
  71.3   -0.737E-01
  71.4   -0.860E-01
  71.5   -0.959E-01
  71.6   -0.103E+00
  71.7   -0.107E+00
  71.8   -0.109E+00
  71.9   -0.107E+00
  72.0   -0.102E+00
  72.1   -0.943E-01
  72.2   -0.840E-01
  72.3   -0.713E-01
  72.4   -0.566E-01
  72.5   -0.405E-01
  72.6   -0.233E-01
  72.7   -0.569E-02
  72.8    0.119E-01
  72.9    0.289E-01
  73.0    0.448E-01
  73.1    0.592E-01
  73.2    0.715E-01
  73.3    0.814E-01
  73.4    0.887E-01
  73.5    0.931E-01
  73.6    0.944E-01
  73.7    0.927E-01
  73.8    0.880E-01
  73.9    0.804E-01
  74.0    0.703E-01
  74.1    0.578E-01
  74.2    0.435E-01
  74.3    0.277E-01
  74.4    0.110E-01
  74.5   -0.622E-02
  74.6   -0.233E-01
  74.7   -0.397E-01
  74.8   -0.550E-01
  74.9   -0.687E-01
  75.0   -0.803E-01
  75.1   -0.895E-01
  75.2   -0.960E-01
  75.3   -0.995E-01
  75.4   -0.100E+00
  75.5   -0.975E-01
  75.6   -0.919E-01
  75.7   -0.835E-01
  75.8   -0.725E-01
  75.9   -0.592E-01
  76.0   -0.440E-01
  76.1   -0.274E-01
  76.2   -0.991E-02
  76.3    0.801E-02
  76.4    0.258E-01
  76.5    0.429E-01
  76.6    0.588E-01
  76.7    0.731E-01
  76.8    0.853E-01
  76.9    0.950E-01
  77.0    0.102E+00
  77.1    0.106E+00
  77.2    0.107E+00
  77.3    0.105E+00
  77.4    0.998E-01
  77.5    0.919E-01
  77.6    0.813E-01
  77.7    0.685E-01
  77.8    0.538E-01
  77.9    0.376E-01
  78.0    0.206E-01
  78.1    0.319E-02
  78.2   -0.141E-01
  78.3   -0.307E-01
  78.4   -0.461E-01
  78.5   -0.598E-01
  78.6   -0.715E-01
  78.7   -0.807E-01
  78.8   -0.872E-01
  78.9   -0.907E-01
  79.0   -0.912E-01
  79.1   -0.887E-01
  79.2   -0.832E-01
  79.3   -0.748E-01
  79.4   -0.640E-01
  79.5   -0.509E-01
  79.6   -0.360E-01
  79.7   -0.197E-01
  79.8   -0.259E-02
  79.9    0.148E-01
  80.0    0.321E-01
  80.1    0.485E-01
  80.2    0.638E-01
  80.3    0.773E-01
  80.4    0.886E-01
  80.5    0.975E-01
  80.6    0.104E+00
  80.7    0.107E+00
  80.8    0.107E+00
  80.9    0.104E+00
  81.0    0.975E-01
  81.1    0.887E-01
  81.2    0.772E-01
  81.3    0.636E-01
  81.4    0.481E-01
  81.5    0.313E-01
  81.6    0.136E-01
  81.7   -0.436E-02
  81.8   -0.221E-01
  81.9   -0.391E-01
  82.0   -0.548E-01
  82.1   -0.688E-01
  82.2   -0.807E-01
  82.3   -0.900E-01
  82.4   -0.966E-01
  82.5   -0.100E+00
  82.6   -0.101E+00
  82.7   -0.982E-01
  82.8   -0.926E-01
  82.9   -0.843E-01
  83.0   -0.735E-01
  83.1   -0.604E-01
  83.2   -0.456E-01
  83.3   -0.295E-01
  83.4   -0.126E-01
  83.5    0.464E-02
  83.6    0.216E-01
  83.7    0.378E-01
  83.8    0.526E-01
  83.9    0.657E-01
  84.0    0.767E-01
  84.1    0.851E-01
  84.2    0.907E-01
  84.3    0.934E-01
  84.4    0.930E-01
  84.5    0.896E-01
  84.6    0.832E-01
  84.7    0.741E-01
  84.8    0.624E-01
  84.9    0.486E-01
  85.0    0.331E-01
  85.1    0.163E-01
  85.2   -0.122E-02
  85.3   -0.190E-01
  85.4   -0.364E-01
  85.5   -0.530E-01
  85.6   -0.682E-01
  85.7   -0.816E-01
  85.8   -0.928E-01
  85.9   -0.101E+00
  86.0   -0.107E+00
  86.1   -0.110E+00
  86.2   -0.110E+00
  86.3   -0.106E+00
  86.4   -0.100E+00
  86.5   -0.910E-01
  86.6   -0.793E-01
  86.7   -0.655E-01
  86.8   -0.500E-01
  86.9   -0.332E-01
  87.0   -0.157E-01
  87.1    0.207E-02
  87.2    0.195E-01
  87.3    0.361E-01
  87.4    0.513E-01
  87.5    0.648E-01
  87.6    0.760E-01
  87.7    0.846E-01
  87.8    0.905E-01
  87.9    0.934E-01
  88.0    0.932E-01
  88.1    0.900E-01
  88.2    0.838E-01
  88.3    0.749E-01
  88.4    0.636E-01
  88.5    0.501E-01
  88.6    0.350E-01
  88.7    0.187E-01
  88.8    0.168E-02
  88.9   -0.155E-01
  89.0   -0.323E-01
  89.1   -0.482E-01
  89.2   -0.626E-01
  89.3   -0.753E-01
  89.4   -0.856E-01
  89.5   -0.934E-01
  89.6   -0.983E-01
  89.7   -0.100E+00
  89.8   -0.992E-01
  89.9   -0.950E-01
  90.0   -0.879E-01
  90.1   -0.780E-01
  90.2   -0.657E-01
  90.3   -0.513E-01
  90.4   -0.353E-01
  90.5   -0.182E-01
  90.6   -0.309E-03
  90.7    0.177E-01
  90.8    0.352E-01
  90.9    0.518E-01
  91.0    0.670E-01
  91.1    0.803E-01
  91.2    0.912E-01
  91.3    0.996E-01
  91.4    0.105E+00
  91.5    0.108E+00
  91.6    0.107E+00
  91.7    0.103E+00
  91.8    0.968E-01
  91.9    0.875E-01
  92.0    0.758E-01
  92.1    0.619E-01
  92.2    0.465E-01
  92.3    0.299E-01
  92.4    0.126E-01
  92.5   -0.476E-02
  92.6   -0.217E-01
  92.7   -0.377E-01
  92.8   -0.523E-01
  92.9   -0.649E-01
  93.0   -0.753E-01
  93.1   -0.831E-01
  93.2   -0.880E-01
  93.3   -0.900E-01
  93.4   -0.889E-01
  93.5   -0.848E-01
  93.6   -0.778E-01
  93.7   -0.681E-01
  93.8   -0.560E-01
  93.9   -0.420E-01
  94.0   -0.263E-01
  94.1   -0.960E-02
  94.2    0.769E-02
  94.3    0.250E-01
  94.4    0.419E-01
  94.5    0.577E-01
  94.6    0.720E-01
  94.7    0.843E-01
  94.8    0.943E-01
  94.9    0.102E+00
  95.0    0.106E+00
  95.1    0.108E+00
  95.2    0.106E+00
  95.3    0.101E+00
  95.4    0.937E-01
  95.5    0.834E-01
  95.6    0.707E-01
  95.7    0.560E-01
  95.8    0.398E-01
  95.9    0.225E-01
  96.0    0.459E-02
  96.1   -0.133E-01
  96.2   -0.307E-01
  96.3   -0.471E-01
  96.4   -0.620E-01
  96.5   -0.749E-01
  96.6   -0.854E-01
  96.7   -0.933E-01
  96.8   -0.984E-01
  96.9   -0.100E+00
  97.0   -0.993E-01
  97.1   -0.952E-01
  97.2   -0.883E-01
  97.3   -0.786E-01
  97.4   -0.667E-01
  97.5   -0.527E-01
  97.6   -0.372E-01
  97.7   -0.207E-01
  97.8   -0.369E-02
  97.9    0.133E-01
  98.0    0.298E-01
  98.1    0.452E-01
  98.2    0.591E-01
  98.3    0.710E-01
  98.4    0.806E-01
  98.5    0.874E-01
  98.6    0.914E-01
  98.7    0.924E-01
  98.8    0.904E-01
  98.9    0.853E-01
  99.0    0.774E-01
  99.1    0.669E-01
  99.2    0.540E-01
  99.3    0.393E-01
  99.4    0.231E-01
  99.5    0.587E-02
  99.6   -0.118E-01
  99.7   -0.294E-01
  99.8   -0.464E-01
  99.9   -0.622E-01
 100.0   -0.765E-01
