%%MatrixMarket matrix coordinate real general
%%  Created by MSM_TO_MM_COORDINATE_REAL_GENERAL.M
  202  202  600
  1  1  4816884601.380800
  3  1  -2408442291.099770
  4  1  1204221145.549880
  200  1  -2408442291.099770
  201  1  -1204221145.549880
  202  1  -19.181264
  2  2  1393221145.549880
  3  2  -1204221145.549880
  4  2  507610572.774942
  200  2  1204221145.549880
  201  2  507610572.774942
  3  3  4816884582.199531
  5  3  -2408442291.099770
  6  3  1204221145.549880
  4  4  1393221145.549880
  5  4  -1204221145.549880
  6  4  507610572.774942
  5  5  4816884582.199531
  7  5  -2408442291.099770
  8  5  1204221145.549880
  6  6  1393221145.549880
  7  6  -1204221145.549880
  8  6  507610572.774942
  7  7  4816884582.199531
  9  7  -2408442291.099770
  10  7  1204221145.549880
  8  8  1393221145.549880
  9  8  -1204221145.549880
  10  8  507610572.774942
  9  9  4816884582.199531
  11  9  -2408442291.099770
  12  9  1204221145.549880
  10  10  1393221145.549880
  11  10  -1204221145.549880
  12  10  507610572.774942
  11  11  4816884582.199531
  13  11  -2408442291.099770
  14  11  1204221145.549880
  12  12  1393221145.549880
  13  12  -1204221145.549880
  14  12  507610572.774942
  13  13  4816884582.199531
  15  13  -2408442291.099770
  16  13  1204221145.549880
  14  14  1393221145.549880
  15  14  -1204221145.549880
  16  14  507610572.774942
  15  15  4816884582.199531
  17  15  -2408442291.099770
  18  15  1204221145.549880
  16  16  1393221145.549880
  17  16  -1204221145.549880
  18  16  507610572.774942
  17  17  4816884582.199531
  19  17  -2408442291.099770
  20  17  1204221145.549880
  18  18  1393221145.549880
  19  18  -1204221145.549880
  20  18  507610572.774942
  19  19  4816884582.199531
  21  19  -2408442291.099770
  22  19  1204221145.549880
  20  20  1393221145.549880
  21  20  -1204221145.549880
  22  20  507610572.774942
  21  21  4816884582.199531
  23  21  -2408442291.099770
  24  21  1204221145.549880
  22  22  1393221145.549880
  23  22  -1204221145.549880
  24  22  507610572.774942
  23  23  4816884582.199531
  25  23  -2408442291.099770
  26  23  1204221145.549880
  24  24  1393221145.549880
  25  24  -1204221145.549880
  26  24  507610572.774942
  25  25  4816884582.199531
  27  25  -2408442291.099770
  28  25  1204221145.549880
  26  26  1393221145.549880
  27  26  -1204221145.549880
  28  26  507610572.774942
  27  27  4816884582.199531
  29  27  -2408442291.099770
  30  27  1204221145.549880
  28  28  1393221145.549880
  29  28  -1204221145.549880
  30  28  507610572.774942
  29  29  4816884582.199531
  31  29  -2408442291.099770
  32  29  1204221145.549880
  30  30  1393221145.549880
  31  30  -1204221145.549880
  32  30  507610572.774942
  31  31  4816884582.199531
  33  31  -2408442291.099770
  34  31  1204221145.549880
  32  32  1393221145.549880
  33  32  -1204221145.549880
  34  32  507610572.774942
  33  33  4816884582.199531
  35  33  -2408442291.099770
  36  33  1204221145.549880
  34  34  1393221145.549880
  35  34  -1204221145.549880
  36  34  507610572.774942
  35  35  4816884582.199531
  37  35  -2408442291.099770
  38  35  1204221145.549880
  36  36  1393221145.549880
  37  36  -1204221145.549880
  38  36  507610572.774942
  37  37  4816884582.199531
  39  37  -2408442291.099770
  40  37  1204221145.549880
  38  38  1393221145.549880
  39  38  -1204221145.549880
  40  38  507610572.774942
  39  39  4816884582.199531
  41  39  -2408442291.099770
  42  39  1204221145.549880
  40  40  1393221145.549880
  41  40  -1204221145.549880
  42  40  507610572.774942
  41  41  4816884582.199531
  43  41  -2408442291.099770
  44  41  1204221145.549880
  42  42  1393221145.549880
  43  42  -1204221145.549880
  44  42  507610572.774942
  43  43  4816884582.199531
  45  43  -2408442291.099770
  46  43  1204221145.549880
  44  44  1393221145.549880
  45  44  -1204221145.549880
  46  44  507610572.774942
  45  45  4816884582.199531
  47  45  -2408442291.099770
  48  45  1204221145.549880
  46  46  1393221145.549880
  47  46  -1204221145.549880
  48  46  507610572.774942
  47  47  4816884582.199531
  49  47  -2408442291.099770
  50  47  1204221145.549880
  48  48  1393221145.549880
  49  48  -1204221145.549880
  50  48  507610572.774942
  49  49  4816884582.199531
  51  49  -2408442291.099770
  52  49  1204221145.549880
  50  50  1393221145.549880
  51  50  -1204221145.549880
  52  50  507610572.774942
  51  51  4816884582.199531
  53  51  -2408442291.099770
  54  51  1204221145.549880
  52  52  1393221145.549880
  53  52  -1204221145.549880
  54  52  507610572.774942
  53  53  4816884582.199531
  55  53  -2408442291.099770
  56  53  1204221145.549880
  54  54  1393221145.549880
  55  54  -1204221145.549880
  56  54  507610572.774942
  55  55  4816884582.199531
  57  55  -2408442291.099770
  58  55  1204221145.549880
  56  56  1393221145.549880
  57  56  -1204221145.549880
  58  56  507610572.774942
  57  57  4816884582.199531
  59  57  -2408442291.099770
  60  57  1204221145.549880
  58  58  1393221145.549880
  59  58  -1204221145.549880
  60  58  507610572.774942
  59  59  4816884582.199531
  61  59  -2408442291.099770
  62  59  1204221145.549880
  60  60  1393221145.549880
  61  60  -1204221145.549880
  62  60  507610572.774942
  61  61  4816884582.199531
  63  61  -2408442291.099770
  64  61  1204221145.549880
  62  62  1393221145.549880
  63  62  -1204221145.549880
  64  62  507610572.774942
  63  63  4816884582.199531
  65  63  -2408442291.099770
  66  63  1204221145.549880
  64  64  1393221145.549880
  65  64  -1204221145.549880
  66  64  507610572.774942
  65  65  4816884582.199531
  67  65  -2408442291.099770
  68  65  1204221145.549880
  66  66  1393221145.549880
  67  66  -1204221145.549880
  68  66  507610572.774942
  67  67  4816884582.199531
  69  67  -2408442291.099770
  70  67  1204221145.549880
  68  68  1393221145.549880
  69  68  -1204221145.549880
  70  68  507610572.774942
  69  69  4816884582.199531
  71  69  -2408442291.099770
  72  69  1204221145.549880
  70  70  1393221145.549880
  71  70  -1204221145.549880
  72  70  507610572.774942
  71  71  4816884582.199531
  73  71  -2408442291.099770
  74  71  1204221145.549880
  72  72  1393221145.549880
  73  72  -1204221145.549880
  74  72  507610572.774942
  73  73  4816884582.199531
  75  73  -2408442291.099770
  76  73  1204221145.549880
  74  74  1393221145.549880
  75  74  -1204221145.549880
  76  74  507610572.774942
  75  75  4816884582.199531
  77  75  -2408442291.099770
  78  75  1204221145.549880
  76  76  1393221145.549880
  77  76  -1204221145.549880
  78  76  507610572.774942
  77  77  4816884582.199531
  79  77  -2408442291.099770
  80  77  1204221145.549880
  78  78  1393221145.549880
  79  78  -1204221145.549880
  80  78  507610572.774942
  79  79  4816884582.199531
  81  79  -2408442291.099770
  82  79  1204221145.549880
  80  80  1393221145.549880
  81  80  -1204221145.549880
  82  80  507610572.774942
  81  81  4816884582.199531
  83  81  -2408442291.099770
  84  81  1204221145.549880
  82  82  1393221145.549880
  83  82  -1204221145.549880
  84  82  507610572.774942
  83  83  4816884582.199531
  85  83  -2408442291.099770
  86  83  1204221145.549880
  84  84  1393221145.549880
  85  84  -1204221145.549880
  86  84  507610572.774942
  85  85  4816884582.199531
  87  85  -2408442291.099770
  88  85  1204221145.549880
  86  86  1393221145.549880
  87  86  -1204221145.549880
  88  86  507610572.774942
  87  87  4816884582.199531
  89  87  -2408442291.099770
  90  87  1204221145.549880
  88  88  1393221145.549880
  89  88  -1204221145.549880
  90  88  507610572.774942
  89  89  4816884582.199531
  91  89  -2408442291.099770
  92  89  1204221145.549880
  90  90  1393221145.549880
  91  90  -1204221145.549880
  92  90  507610572.774942
  91  91  4816884582.199531
  93  91  -2408442291.099770
  94  91  1204221145.549880
  92  92  1393221145.549880
  93  92  -1204221145.549880
  94  92  507610572.774942
  93  93  4816884582.199531
  95  93  -2408442291.099770
  96  93  1204221145.549880
  94  94  1393221145.549880
  95  94  -1204221145.549880
  96  94  507610572.774942
  95  95  4816884582.199531
  97  95  -2408442291.099770
  98  95  1204221145.549880
  96  96  1393221145.549880
  97  96  -1204221145.549880
  98  96  507610572.774942
  97  97  4816884582.199531
  99  97  -2408442291.099770
  100  97  1204221145.549880
  98  98  1393221145.549880
  99  98  -1204221145.549880
  100  98  507610572.774942
  99  99  4816884582.199531
  101  99  -2408442291.099770
  102  99  1204221145.549880
  100  100  1393221145.549880
  101  100  -1204221145.549880
  102  100  507610572.774942
  101  101  4816884582.199531
  103  101  1204221145.549880
  102  102  1393221145.549880
  103  102  507610572.774942
  103  103  696610572.774942
  104  104  696610572.774942
  105  104  -1204221145.549880
  106  104  507610572.774942
  105  105  4816884582.199531
  107  105  -2408442291.099770
  108  105  1204221145.549880
  106  106  1393221145.549880
  107  106  -1204221145.549880
  108  106  507610572.774942
  107  107  4816884582.199531
  109  107  -2408442291.099770
  110  107  1204221145.549880
  108  108  1393221145.549880
  109  108  -1204221145.549880
  110  108  507610572.774942
  109  109  4816884582.199531
  111  109  -2408442291.099770
  112  109  1204221145.549880
  110  110  1393221145.549880
  111  110  -1204221145.549880
  112  110  507610572.774942
  111  111  4816884582.199531
  113  111  -2408442291.099770
  114  111  1204221145.549880
  112  112  1393221145.549880
  113  112  -1204221145.549880
  114  112  507610572.774942
  113  113  4816884582.199531
  115  113  -2408442291.099770
  116  113  1204221145.549880
  114  114  1393221145.549880
  115  114  -1204221145.549880
  116  114  507610572.774942
  115  115  4816884582.199531
  117  115  -2408442291.099770
  118  115  1204221145.549880
  116  116  1393221145.549880
  117  116  -1204221145.549880
  118  116  507610572.774942
  117  117  4816884582.199531
  119  117  -2408442291.099770
  120  117  1204221145.549880
  118  118  1393221145.549880
  119  118  -1204221145.549880
  120  118  507610572.774942
  119  119  4816884582.199531
  121  119  -2408442291.099770
  122  119  1204221145.549880
  120  120  1393221145.549880
  121  120  -1204221145.549880
  122  120  507610572.774942
  121  121  4816884582.199531
  123  121  -2408442291.099770
  124  121  1204221145.549880
  122  122  1393221145.549880
  123  122  -1204221145.549880
  124  122  507610572.774942
  123  123  4816884582.199531
  125  123  -2408442291.099770
  126  123  1204221145.549880
  124  124  1393221145.549880
  125  124  -1204221145.549880
  126  124  507610572.774942
  125  125  4816884582.199531
  127  125  -2408442291.099770
  128  125  1204221145.549880
  126  126  1393221145.549880
  127  126  -1204221145.549880
  128  126  507610572.774942
  127  127  4816884582.199531
  129  127  -2408442291.099770
  130  127  1204221145.549880
  128  128  1393221145.549880
  129  128  -1204221145.549880
  130  128  507610572.774942
  129  129  4816884582.199531
  131  129  -2408442291.099770
  132  129  1204221145.549880
  130  130  1393221145.549880
  131  130  -1204221145.549880
  132  130  507610572.774942
  131  131  4816884582.199531
  133  131  -2408442291.099770
  134  131  1204221145.549880
  132  132  1393221145.549880
  133  132  -1204221145.549880
  134  132  507610572.774942
  133  133  4816884582.199531
  135  133  -2408442291.099770
  136  133  1204221145.549880
  134  134  1393221145.549880
  135  134  -1204221145.549880
  136  134  507610572.774942
  135  135  4816884582.199531
  137  135  -2408442291.099770
  138  135  1204221145.549880
  136  136  1393221145.549880
  137  136  -1204221145.549880
  138  136  507610572.774942
  137  137  4816884582.199531
  139  137  -2408442291.099770
  140  137  1204221145.549880
  138  138  1393221145.549880
  139  138  -1204221145.549880
  140  138  507610572.774942
  139  139  4816884582.199531
  141  139  -2408442291.099770
  142  139  1204221145.549880
  140  140  1393221145.549880
  141  140  -1204221145.549880
  142  140  507610572.774942
  141  141  4816884889.284510
  143  141  -307.084973
  144  141  -2408442291.099770
  145  141  1204221145.549880
  142  142  1393221145.549880
  144  142  -1204221145.549880
  145  142  507610572.774942
  143  143  307.084973
  144  144  4816884582.199531
  146  144  -2408442291.099770
  147  144  1204221145.549880
  145  145  1393221145.549880
  146  145  -1204221145.549880
  147  145  507610572.774942
  146  146  4816884582.199531
  148  146  -2408442291.099770
  149  146  1204221145.549880
  147  147  1393221145.549880
  148  147  -1204221145.549880
  149  147  507610572.774942
  148  148  4816884582.199531
  150  148  -2408442291.099770
  151  148  1204221145.549880
  149  149  1393221145.549880
  150  149  -1204221145.549880
  151  149  507610572.774942
  150  150  4816884582.199531
  152  150  -2408442291.099770
  153  150  1204221145.549880
  151  151  1393221145.549880
  152  151  -1204221145.549880
  153  151  507610572.774942
  152  152  4816884582.199531
  154  152  -2408442291.099770
  155  152  1204221145.549880
  153  153  1393221145.549880
  154  153  -1204221145.549880
  155  153  507610572.774942
  154  154  4816884582.199531
  156  154  -2408442291.099770
  157  154  1204221145.549880
  155  155  1393221145.549880
  156  155  -1204221145.549880
  157  155  507610572.774942
  156  156  4816884582.199531
  158  156  -2408442291.099770
  159  156  1204221145.549880
  157  157  1393221145.549880
  158  157  -1204221145.549880
  159  157  507610572.774942
  158  158  4816884582.199531
  160  158  -2408442291.099770
  161  158  1204221145.549880
  159  159  1393221145.549880
  160  159  -1204221145.549880
  161  159  507610572.774942
  160  160  4816884582.199531
  162  160  -2408442291.099770
  163  160  1204221145.549880
  161  161  1393221145.549880
  162  161  -1204221145.549880
  163  161  507610572.774942
  162  162  4816884582.199531
  164  162  -2408442291.099770
  165  162  1204221145.549880
  163  163  1393221145.549880
  164  163  -1204221145.549880
  165  163  507610572.774942
  164  164  4816884582.199531
  166  164  -2408442291.099770
  167  164  1204221145.549880
  165  165  1393221145.549880
  166  165  -1204221145.549880
  167  165  507610572.774942
  166  166  4816884582.199531
  168  166  -2408442291.099770
  169  166  1204221145.549880
  167  167  1393221145.549880
  168  167  -1204221145.549880
  169  167  507610572.774942
  168  168  4816884582.199531
  170  168  -2408442291.099770
  171  168  1204221145.549880
  169  169  1393221145.549880
  170  169  -1204221145.549880
  171  169  507610572.774942
  170  170  4816884582.199531
  172  170  -2408442291.099770
  173  170  1204221145.549880
  171  171  1393221145.549880
  172  171  -1204221145.549880
  173  171  507610572.774942
  172  172  4816884582.199531
  174  172  -2408442291.099770
  175  172  1204221145.549880
  173  173  1393221145.549880
  174  173  -1204221145.549880
  175  173  507610572.774942
  174  174  4816884582.199531
  176  174  -2408442291.099770
  177  174  1204221145.549880
  175  175  1393221145.549880
  176  175  -1204221145.549880
  177  175  507610572.774942
  176  176  4816884582.199531
  178  176  -2408442291.099770
  179  176  1204221145.549880
  177  177  1393221145.549880
  178  177  -1204221145.549880
  179  177  507610572.774942
  178  178  4816884582.199531
  180  178  -2408442291.099770
  181  178  1204221145.549880
  179  179  1393221145.549880
  180  179  -1204221145.549880
  181  179  507610572.774942
  180  180  4816884582.199531
  182  180  -2408442291.099770
  183  180  1204221145.549880
  181  181  1393221145.549880
  182  181  -1204221145.549880
  183  181  507610572.774942
  182  182  4816884582.199531
  184  182  -2408442291.099770
  185  182  1204221145.549880
  183  183  1393221145.549880
  184  183  -1204221145.549880
  185  183  507610572.774942
  184  184  4816884582.199531
  186  184  -2408442291.099770
  187  184  1204221145.549880
  185  185  1393221145.549880
  186  185  -1204221145.549880
  187  185  507610572.774942
  186  186  4816884582.199531
  188  186  -2408442291.099770
  189  186  1204221145.549880
  187  187  1393221145.549880
  188  187  -1204221145.549880
  189  187  507610572.774942
  188  188  4816884582.199531
  190  188  -2408442291.099770
  191  188  1204221145.549880
  189  189  1393221145.549880
  190  189  -1204221145.549880
  191  189  507610572.774942
  190  190  4816884582.199531
  192  190  -2408442291.099770
  193  190  1204221145.549880
  191  191  1393221145.549880
  192  191  -1204221145.549880
  193  191  507610572.774942
  192  192  4816884582.199531
  194  192  -2408442291.099770
  195  192  1204221145.549880
  193  193  1393221145.549880
  194  193  -1204221145.549880
  195  193  507610572.774942
  194  194  4816884582.199531
  196  194  -2408442291.099770
  197  194  1204221145.549880
  195  195  1393221145.549880
  196  195  -1204221145.549880
  197  195  507610572.774942
  196  196  4816884582.199531
  198  196  -2408442291.099770
  199  196  1204221145.549880
  197  197  1393221145.549880
  198  197  -1204221145.549880
  199  197  507610572.774942
  198  198  4816884582.199531
  200  198  -2408442291.099770
  201  198  1204221145.549880
  199  199  1393221145.549880
  200  199  -1204221145.549880
  201  199  507610572.774942
  200  200  4816884582.199531
  201  201  1393221145.549880
  202  202  19.181264
