%%MatrixMarket matrix coordinate real general
%%  Created by MSM_TO_MM_COORDINATE_REAL_GENERAL.M
  202  202  400
  1  1  320.000000
  3  1  80.000000
  200  1  80.000000
  2  2  2.400000
  4  2  0.600000
  201  2  0.600000
  3  3  320.000000
  5  3  80.000000
  4  4  2.400000
  6  4  0.600000
  5  5  320.000000
  7  5  80.000000
  6  6  2.400000
  8  6  0.600000
  7  7  320.000000
  9  7  80.000000
  8  8  2.400000
  10  8  0.600000
  9  9  320.000000
  11  9  80.000000
  10  10  2.400000
  12  10  0.600000
  11  11  320.000000
  13  11  80.000000
  12  12  2.400000
  14  12  0.600000
  13  13  320.000000
  15  13  80.000000
  14  14  2.400000
  16  14  0.600000
  15  15  320.000000
  17  15  80.000000
  16  16  2.400000
  18  16  0.600000
  17  17  320.000000
  19  17  80.000000
  18  18  2.400000
  20  18  0.600000
  19  19  320.000000
  21  19  80.000000
  20  20  2.400000
  22  20  0.600000
  21  21  320.000000
  23  21  80.000000
  22  22  2.400000
  24  22  0.600000
  23  23  320.000000
  25  23  80.000000
  24  24  2.400000
  26  24  0.600000
  25  25  320.000000
  27  25  80.000000
  26  26  2.400000
  28  26  0.600000
  27  27  320.000000
  29  27  80.000000
  28  28  2.400000
  30  28  0.600000
  29  29  320.000000
  31  29  80.000000
  30  30  2.400000
  32  30  0.600000
  31  31  320.000000
  33  31  80.000000
  32  32  2.400000
  34  32  0.600000
  33  33  320.000000
  35  33  80.000000
  34  34  2.400000
  36  34  0.600000
  35  35  320.000000
  37  35  80.000000
  36  36  2.400000
  38  36  0.600000
  37  37  320.000000
  39  37  80.000000
  38  38  2.400000
  40  38  0.600000
  39  39  320.000000
  41  39  80.000000
  40  40  2.400000
  42  40  0.600000
  41  41  320.000000
  43  41  80.000000
  42  42  2.400000
  44  42  0.600000
  43  43  320.000000
  45  43  80.000000
  44  44  2.400000
  46  44  0.600000
  45  45  320.000000
  47  45  80.000000
  46  46  2.400000
  48  46  0.600000
  47  47  320.000000
  49  47  80.000000
  48  48  2.400000
  50  48  0.600000
  49  49  320.000000
  51  49  80.000000
  50  50  2.400000
  52  50  0.600000
  51  51  320.000000
  53  51  80.000000
  52  52  2.400000
  54  52  0.600000
  53  53  320.000000
  55  53  80.000000
  54  54  2.400000
  56  54  0.600000
  55  55  320.000000
  57  55  80.000000
  56  56  2.400000
  58  56  0.600000
  57  57  320.000000
  59  57  80.000000
  58  58  2.400000
  60  58  0.600000
  59  59  320.000000
  61  59  80.000000
  60  60  2.400000
  62  60  0.600000
  61  61  320.000000
  63  61  80.000000
  62  62  2.400000
  64  62  0.600000
  63  63  320.000000
  65  63  80.000000
  64  64  2.400000
  66  64  0.600000
  65  65  320.000000
  67  65  80.000000
  66  66  2.400000
  68  66  0.600000
  67  67  320.000000
  69  67  80.000000
  68  68  2.400000
  70  68  0.600000
  69  69  320.000000
  71  69  80.000000
  70  70  2.400000
  72  70  0.600000
  71  71  320.000000
  73  71  80.000000
  72  72  2.400000
  74  72  0.600000
  73  73  320.000000
  75  73  80.000000
  74  74  2.400000
  76  74  0.600000
  75  75  320.000000
  77  75  80.000000
  76  76  2.400000
  78  76  0.600000
  77  77  320.000000
  79  77  80.000000
  78  78  2.400000
  80  78  0.600000
  79  79  320.000000
  81  79  80.000000
  80  80  2.400000
  82  80  0.600000
  81  81  320.000000
  83  81  80.000000
  82  82  2.400000
  84  82  0.600000
  83  83  320.000000
  85  83  80.000000
  84  84  2.400000
  86  84  0.600000
  85  85  320.000000
  87  85  80.000000
  86  86  2.400000
  88  86  0.600000
  87  87  320.000000
  89  87  80.000000
  88  88  2.400000
  90  88  0.600000
  89  89  320.000000
  91  89  80.000000
  90  90  2.400000
  92  90  0.600000
  91  91  320.000000
  93  91  80.000000
  92  92  2.400000
  94  92  0.600000
  93  93  320.000000
  95  93  80.000000
  94  94  2.400000
  96  94  0.600000
  95  95  320.000000
  97  95  80.000000
  96  96  2.400000
  98  96  0.600000
  97  97  320.000000
  99  97  80.000000
  98  98  2.400000
  100  98  0.600000
  99  99  320.000000
  101  99  80.000000
  100  100  2.400000
  102  100  0.600000
  101  101  320.000000
  102  102  2.400000
  103  102  0.600000
  103  103  1.200000
  104  104  1.200000
  106  104  0.600000
  105  105  320.000000
  107  105  80.000000
  106  106  2.400000
  108  106  0.600000
  107  107  320.000000
  109  107  80.000000
  108  108  2.400000
  110  108  0.600000
  109  109  320.000000
  111  109  80.000000
  110  110  2.400000
  112  110  0.600000
  111  111  320.000000
  113  111  80.000000
  112  112  2.400000
  114  112  0.600000
  113  113  320.000000
  115  113  80.000000
  114  114  2.400000
  116  114  0.600000
  115  115  320.000000
  117  115  80.000000
  116  116  2.400000
  118  116  0.600000
  117  117  320.000000
  119  117  80.000000
  118  118  2.400000
  120  118  0.600000
  119  119  320.000000
  121  119  80.000000
  120  120  2.400000
  122  120  0.600000
  121  121  320.000000
  123  121  80.000000
  122  122  2.400000
  124  122  0.600000
  123  123  320.000000
  125  123  80.000000
  124  124  2.400000
  126  124  0.600000
  125  125  320.000000
  127  125  80.000000
  126  126  2.400000
  128  126  0.600000
  127  127  320.000000
  129  127  80.000000
  128  128  2.400000
  130  128  0.600000
  129  129  320.000000
  131  129  80.000000
  130  130  2.400000
  132  130  0.600000
  131  131  320.000000
  133  131  80.000000
  132  132  2.400000
  134  132  0.600000
  133  133  320.000000
  135  133  80.000000
  134  134  2.400000
  136  134  0.600000
  135  135  320.000000
  137  135  80.000000
  136  136  2.400000
  138  136  0.600000
  137  137  320.000000
  139  137  80.000000
  138  138  2.400000
  140  138  0.600000
  139  139  320.000000
  141  139  80.000000
  140  140  2.400000
  142  140  0.600000
  141  141  320.000000
  144  141  80.000000
  142  142  2.400000
  145  142  0.600000
  143  143  100.000000
  144  144  320.000000
  146  144  80.000000
  145  145  2.400000
  147  145  0.600000
  146  146  320.000000
  148  146  80.000000
  147  147  2.400000
  149  147  0.600000
  148  148  320.000000
  150  148  80.000000
  149  149  2.400000
  151  149  0.600000
  150  150  320.000000
  152  150  80.000000
  151  151  2.400000
  153  151  0.600000
  152  152  320.000000
  154  152  80.000000
  153  153  2.400000
  155  153  0.600000
  154  154  320.000000
  156  154  80.000000
  155  155  2.400000
  157  155  0.600000
  156  156  320.000000
  158  156  80.000000
  157  157  2.400000
  159  157  0.600000
  158  158  320.000000
  160  158  80.000000
  159  159  2.400000
  161  159  0.600000
  160  160  320.000000
  162  160  80.000000
  161  161  2.400000
  163  161  0.600000
  162  162  320.000000
  164  162  80.000000
  163  163  2.400000
  165  163  0.600000
  164  164  320.000000
  166  164  80.000000
  165  165  2.400000
  167  165  0.600000
  166  166  320.000000
  168  166  80.000000
  167  167  2.400000
  169  167  0.600000
  168  168  320.000000
  170  168  80.000000
  169  169  2.400000
  171  169  0.600000
  170  170  320.000000
  172  170  80.000000
  171  171  2.400000
  173  171  0.600000
  172  172  320.000000
  174  172  80.000000
  173  173  2.400000
  175  173  0.600000
  174  174  320.000000
  176  174  80.000000
  175  175  2.400000
  177  175  0.600000
  176  176  320.000000
  178  176  80.000000
  177  177  2.400000
  179  177  0.600000
  178  178  320.000000
  180  178  80.000000
  179  179  2.400000
  181  179  0.600000
  180  180  320.000000
  182  180  80.000000
  181  181  2.400000
  183  181  0.600000
  182  182  320.000000
  184  182  80.000000
  183  183  2.400000
  185  183  0.600000
  184  184  320.000000
  186  184  80.000000
  185  185  2.400000
  187  185  0.600000
  186  186  320.000000
  188  186  80.000000
  187  187  2.400000
  189  187  0.600000
  188  188  320.000000
  190  188  80.000000
  189  189  2.400000
  191  189  0.600000
  190  190  320.000000
  192  190  80.000000
  191  191  2.400000
  193  191  0.600000
  192  192  320.000000
  194  192  80.000000
  193  193  2.400000
  195  193  0.600000
  194  194  320.000000
  196  194  80.000000
  195  195  2.400000
  197  195  0.600000
  196  196  320.000000
  198  196  80.000000
  197  197  2.400000
  199  197  0.600000
  198  198  320.000000
  200  198  80.000000
  199  199  2.400000
  201  199  0.600000
  200  200  320.000000
  201  201  2.400000
  202  202  100.000000
