1.7208 0.78755 1.0936 1.5484 0.82365 1.225 24064 26577 22462 25683 23352 370.92 53.502 611.36 183.99 576.68 29.628 0.066335 0.12046 0.052743 0.052351 0.14175 0.18009 0.40224 0
1.7208 0.78755 1.0936 1.5484 0.82365 1.225 24064 26577 22462 25683 23352 370.92 53.502 611.36 183.99 576.68 29.628 0.066335 0.12046 0.052743 0.052351 0.14175 0.18009 0.40224 0
1.7208 0.78755 1.0936 1.5484 0.82365 1.225 24064 26577 22462 25683 23352 370.92 53.502 611.36 183.99 576.68 29.628 0.066335 0.12046 0.052743 0.052351 0.14175 0.18009 0.40224 1
1.7208 0.78755 1.0936 1.5484 0.82365 1.225 24064 26577 22462 25683 23352 370.92 53.502 611.36 183.99 576.68 29.628 0.066335 0.12046 0.052743 0.052351 0.14175 0.18009 0.40224 2
1.7208 0.78755 1.0936 1.5484 0.82365 1.225 24064 26577 22462 25683 23352 370.92 53.502 611.36 183.99 576.68 29.628 0.066335 0.12046 0.052743 0.052351 0.14175 0.18009 0.40224 3
1.7208 0.78755 1.0936 1.5484 0.82365 1.225 24064 26577 22462 25683 23352 370.92 53.502 611.36 183.99 576.68 29.628 0.066335 0.12046 0.052743 0.052351 0.14175 0.18009 0.40224 4
1.7208 0.78755 1.0936 1.5484 0.82365 1.225 24064 26577 22462 25683 23352 370.92 53.502 611.36 183.99 576.68 29.628 0.066335 0.12046 0.052743 0.052351 0.14175 0.18009 0.40224 5
1.7208 0.78755 1.0936 1.5484 0.82365 1.225 24064 26577 22462 25683 23352 370.92 53.502 611.36 183.99 576.68 29.628 0.066335 0.12046 0.052743 0.052351 0.14175 0.18009 0.40224 6
1.7208 0.78755 1.0936 1.5484 0.82365 1.225 24064 26577 22462 25683 23352 370.92 53.502 611.36 183.99 576.68 29.628 0.066335 0.12046 0.052743 0.052351 0.14175 0.18009 0.40224 7
1.7208 0.78755 1.0936 1.5484 0.82365 1.225 24064 26577 22462 25683 23352 370.92 53.502 611.36 183.99 576.68 29.628 0.066335 0.12046 0.052743 0.052351 0.14175 0.18009 0.40224 8
1.7208 0.78755 1.0936 1.5484 0.82365 1.225 24064 26577 22462 25683 23352 370.92 53.502 611.36 183.99 576.68 29.628 0.066335 0.12046 0.052743 0.052351 0.14175 0.18009 0.40224 9
1.7305 0.77636 1.0842 1.576 0.82717 1.2223 24836 27589 22731 25925 24355 374.43 39.359 610.46 173.6 599.23 30.092 0.066593 0.097626 0.052475 0.054911 0.14791 0.17803 0.3535 10
1.7338 0.77255 1.0435 1.5359 0.81007 1.1967 24661 25998 23528 26035 23976 379.98 61.955 510.15 172.91 595.48 46.732 0.065965 0.11095 0.066717 0.05461 0.14898 0.18001 0.33377 11
1.7775 0.77139 1.0488 1.506 0.86047 1.2414 24773 26692 23165 25903 24143 378.56 50.137 514.13 173.18 601.52 46.557 0.071746 0.097788 0.0708 0.054543 0.14715 0.18108 0.3293 12
1.725 0.79001 1.059 1.5118 0.84049 1.2169 24506 27043 22622 25823 23542 380.03 40.993 592.95 170.39 621.6 29.382 0.061934 0.1059 0.053403 0.05 0.1475 0.16828 0.31272 13
1.7213 0.78496 1.0621 1.5146 0.85854 1.239 24759 27109 22845 25854 23881 379.23 47.876 611.45 172.9 615.38 33.139 0.058856 0.10025 0.061902 0.052013 0.14752 0.16383 0.28529 14
1.7463 0.78583 0.84471 1.5923 0.83772 1.1727 25158 26826 23222 25862 26044 394.11 49.477 615.42 165.72 597.06 43.442 0.062362 0.09741 0.05416 0.05 0.14006 0.18361 0.28096 15
1.7293 0.81958 1.0496 1.519 0.87514 1.2261 24652 27234 22991 25916 25006 400.14 51.974 618.17 174.06 605.16 39.836 0.06092 0.10027 0.054495 0.052915 0.14327 0.17568 0.24648 16
1.7314 0.80277 1.0314 1.52 0.82846 1.1741 24969 26452 22954 26096 24616 383.29 49.036 611.62 165.12 601.44 48.585 0.05 0.097816 0.058964 0.054761 0.14982 0.17543 0.23039 17
1.6746 0.80258 1.0479 1.5104 0.85546 1.164 25095 26925 22728 26128 24558 385.45 52.233 608.43 166.64 596.33 56.034 0.05 0.092953 0.060656 0.055131 0.14708 0.17918 0.22001 18
1.6965 0.81779 1.0248 1.5029 0.83542 1.172 24450 26470 23175 25718 24606 380.15 41.528 608.42 171.04 607.6 46.266 0.05 0.087372 0.05 0.050663 0.13886 0.18557 0.19939 19
1.6866 0.81932 1.023 1.5057 0.87137 1.1606 24541 26617 23007 26281 24893 391.06 48.423 605.26 165.66 599.91 45.152 0.060763 0.095409 0.056717 0.055674 0.14758 0.17791 0.19067 20
1.6866 0.81932 1.023 1.5057 0.87137 1.1606 24541 26617 23007 26281 24893 391.06 48.423 605.26 165.66 599.91 45.152 0.060763 0.095409 0.056717 0.055674 0.14758 0.17791 0.19067 21
1.6866 0.81932 1.023 1.5057 0.87137 1.1606 24541 26617 23007 26281 24893 391.06 48.423 605.26 165.66 599.91 45.152 0.060763 0.095409 0.056717 0.055674 0.14758 0.17791 0.19067 22
1.6866 0.81932 1.023 1.5057 0.87137 1.1606 24541 26617 23007 26281 24893 391.06 48.423 605.26 165.66 599.91 45.152 0.060763 0.095409 0.056717 0.055674 0.14758 0.17791 0.19067 23
1.6866 0.81932 1.023 1.5057 0.87137 1.1606 24541 26617 23007 26281 24893 391.06 48.423 605.26 165.66 599.91 45.152 0.060763 0.095409 0.056717 0.055674 0.14758 0.17791 0.19067 24
1.6866 0.81932 1.023 1.5057 0.87137 1.1606 24541 26617 23007 26281 24893 391.06 48.423 605.26 165.66 599.91 45.152 0.060763 0.095409 0.056717 0.055674 0.14758 0.17791 0.19067 25
1.6866 0.81932 1.023 1.5057 0.87137 1.1606 24541 26617 23007 26281 24893 391.06 48.423 605.26 165.66 599.91 45.152 0.060763 0.095409 0.056717 0.055674 0.14758 0.17791 0.19067 26
1.6866 0.81932 1.023 1.5057 0.87137 1.1606 24541 26617 23007 26281 24893 391.06 48.423 605.26 165.66 599.91 45.152 0.060763 0.095409 0.056717 0.055674 0.14758 0.17791 0.19067 27
1.6914 0.81408 1.0203 1.506 0.86078 1.1624 24575 26480 22935 26292 24837 386.13 47.639 605.61 165.65 600.18 51.814 0.052876 0.094826 0.059088 0.055305 0.1477 0.17561 0.19005 28
1.6914 0.81408 1.0203 1.506 0.86078 1.1624 24575 26480 22935 26292 24837 386.13 47.639 605.61 165.65 600.18 51.814 0.052876 0.094826 0.059088 0.055305 0.1477 0.17561 0.19005 29
1.6698 0.83177 1.016 1.5019 0.81737 1.1326 24313 26883 23004 26105 25036 383.09 49.498 608.55 166.32 607.13 50.152 0.057207 0.054192 0.065432 0.052378 0.14518 0.17664 0.17755 30
1.6744 0.83731 1.0223 1.5005 0.82202 1.1268 24231 25731 23432 26266 25915 383 49.767 606.67 164.83 604.2 48.064 0.056594 0.064 0.065575 0.052946 0.14585 0.18108 0.1748 31
1.6823 0.83386 1.0216 1.5009 0.84553 1.1488 24493 26405 22921 26225 25161 383.16 46.173 605.69 165.33 600.45 46.815 0.056802 0.05 0.06746 0.053369 0.14825 0.18011 0.16738 32
1.6792 0.83553 1.0221 1.5008 0.85011 1.1347 24475 26260 22913 26256 25335 383.29 47.917 609.25 165.39 599.67 46.244 0.056858 0.050831 0.068849 0.051722 0.14871 0.17807 0.1653 33
1.6825 0.8353 1.0254 1.5045 0.85132 1.1445 24393 26969 23372 26199 27367 384.91 49.899 606.23 164.22 604.84 50.68 0.053943 0.05 0.065351 0.05493 0.14623 0.17375 0.15695 34
1.6803 0.8376 1.023 1.5025 0.84127 1.1359 24573 28678 23336 26450 26098 377.81 49.95 606.66 164.28 605.1 48.714 0.051777 0.052281 0.060556 0.053107 0.1469 0.1669 0.15507 35
1.6808 0.8389 1.0185 1.5048 0.84899 1.1348 24321 27077 23421 26316 24785 387.28 51.973 606.15 164.89 603.94 51.987 0.054084 0.050703 0.065618 0.054237 0.14658 0.16932 0.15329 36
1.6798 0.84032 1.0239 1.5032 0.83277 1.1367 24548 29752 23509 26520 26098 384.96 50.324 606.93 164.07 606.58 47.561 0.05168 0.051961 0.062545 0.054294 0.14595 0.16141 0.15093 37
1.6814 0.84186 1.0247 1.5042 0.83535 1.1381 24743 29407 23503 26542 25812 382.24 50.838 609.94 164.14 603.29 50.714 0.050426 0.052225 0.057381 0.05416 0.146 0.16113 0.14708 38
1.6827 0.84493 1.0218 1.5047 0.82982 1.1176 24805 31262 23708 26499 24101 384.57 54.626 608.48 164.85 608.47 48.076 0.050033 0.052704 0.056926 0.051171 0.14534 0.16521 0.13971 39
1.6827 0.84493 1.0218 1.5047 0.82982 1.1176 24805 31262 23708 26499 24101 384.57 54.626 608.48 164.85 608.47 48.076 0.050033 0.052704 0.056926 0.051171 0.14534 0.16521 0.13971 40
1.684 0.84626 1.0186 1.5077 0.84698 1.1331 24384 33278 24186 26467 22875 384.92 53.027 603.75 164.62 604.77 46.535 0.051546 0.052787 0.055506 0.055158 0.14535 0.13627 0.13709 41
1.684 0.84626 1.0186 1.5077 0.84698 1.1331 24384 33278 24186 26467 22875 384.92 53.027 603.75 164.62 604.77 46.535 0.051546 0.052787 0.055506 0.055158 0.14535 0.13627 0.13709 42
1.684 0.84626 1.0186 1.5077 0.84698 1.1331 24384 33278 24186 26467 22875 384.92 53.027 603.75 164.62 604.77 46.535 0.051546 0.052787 0.055506 0.055158 0.14535 0.13627 0.13709 43
1.684 0.84626 1.0186 1.5077 0.84698 1.1331 24384 33278 24186 26467 22875 384.92 53.027 603.75 164.62 604.77 46.535 0.051546 0.052787 0.055506 0.055158 0.14535 0.13627 0.13709 44
1.684 0.84626 1.0186 1.5077 0.84698 1.1331 24384 33278 24186 26467 22875 384.92 53.027 603.75 164.62 604.77 46.535 0.051546 0.052787 0.055506 0.055158 0.14535 0.13627 0.13709 45
1.684 0.84626 1.0186 1.5077 0.84698 1.1331 24384 33278 24186 26467 22875 384.92 53.027 603.75 164.62 604.77 46.535 0.051546 0.052787 0.055506 0.055158 0.14535 0.13627 0.13709 46
1.684 0.84626 1.0186 1.5077 0.84698 1.1331 24384 33278 24186 26467 22875 384.92 53.027 603.75 164.62 604.77 46.535 0.051546 0.052787 0.055506 0.055158 0.14535 0.13627 0.13709 47
1.684 0.84626 1.0186 1.5077 0.84698 1.1331 24384 33278 24186 26467 22875 384.92 53.027 603.75 164.62 604.77 46.535 0.051546 0.052787 0.055506 0.055158 0.14535 0.13627 0.13709 48
1.684 0.84626 1.0186 1.5077 0.84698 1.1331 24384 33278 24186 26467 22875 384.92 53.027 603.75 164.62 604.77 46.535 0.051546 0.052787 0.055506 0.055158 0.14535 0.13627 0.13709 49
1.684 0.84679 1.0204 1.5078 0.8455 1.1336 23942 33359 23974 26512 22737 384.96 53.597 603.8 164.66 604.22 46.454 0.051742 0.053735 0.055819 0.055876 0.14506 0.13626 0.13677 50
1.6838 0.84616 1.0172 1.5079 0.84925 1.1314 24962 33246 24183 26478 23106 385.8 53.376 606.35 164.81 605.02 46.619 0.050946 0.052244 0.055764 0.054571 0.14538 0.13343 0.13577 51
1.6838 0.8473 1.0183 1.508 0.85049 1.1301 24538 33280 24087 26721 22809 388.04 53.438 608.13 164.68 605.71 46.386 0.051335 0.052859 0.055997 0.054497 0.14512 0.138 0.13394 52
1.6836 0.8477 1.0216 1.5054 0.86021 1.1301 24470 33359 23226 26454 22931 386.5 50.503 609.87 164.67 605.74 51.954 0.050784 0.052289 0.054883 0.054224 0.14508 0.12829 0.13179 53
1.6837 0.84791 1.0215 1.5086 0.86135 1.1295 24705 33359 23500 26484 22502 385.78 49.497 610.89 164.34 605.41 51.871 0.050525 0.052339 0.053361 0.051489 0.14398 0.12918 0.12937 54
1.6837 0.84791 1.0215 1.5086 0.86135 1.1295 24705 33359 23500 26484 22502 385.78 49.497 610.89 164.34 605.41 51.871 0.050525 0.052339 0.053361 0.051489 0.14398 0.12918 0.12937 55
1.6837 0.84726 1.0216 1.5081 0.85961 1.131 24590 33335 23255 26465 22940 385.81 53.3 610.46 164.64 603.49 50.42 0.050636 0.052673 0.053525 0.050952 0.14339 0.12977 0.12866 56
1.684 0.84755 1.0222 1.5083 0.85671 1.1386 24696 33247 23632 26399 22456 386.22 50.485 609.38 164.56 605.29 50.967 0.050548 0.052102 0.052093 0.050328 0.14409 0.13082 0.12616 57
1.6839 0.84754 1.0222 1.5081 0.86384 1.1362 24305 33077 24051 26797 22468 388.2 52.823 608.35 164.77 605 50.327 0.050648 0.052589 0.050504 0.05 0.14507 0.13298 0.12375 58
1.6837 0.84771 1.0227 1.5081 0.86171 1.1373 24330 33074 24152 26841 22338 388.47 52.866 608.47 164.69 604.79 50.977 0.050638 0.052618 0.05 0.05 0.14471 0.13271 0.12343 59
1.6838 0.84812 1.0217 1.5081 0.8643 1.1352 24386 33318 23689 27033 22253 388.03 51.073 610.6 164.62 605.08 51.691 0.05 0.051978 0.05156 0.050424 0.14633 0.12368 0.12287 60
1.6838 0.84812 1.0217 1.5081 0.8643 1.1352 24386 33318 23689 27033 22253 388.03 51.073 610.6 164.62 605.08 51.691 0.05 0.051978 0.05156 0.050424 0.14633 0.12368 0.12287 61
1.6842 0.84807 1.0219 1.5073 0.8657 1.1334 24464 33109 24004 26753 22263 387.02 52.294 610.85 164.28 604.84 50.249 0.050984 0.052796 0.05 0.05 0.1449 0.13324 0.12279 62
1.6842 0.84807 1.0219 1.5073 0.8657 1.1334 24464 33109 24004 26753 22263 387.02 52.294 610.85 164.28 604.84 50.249 0.050984 0.052796 0.05 0.05 0.1449 0.13324 0.12279 63
1.6842 0.84807 1.0219 1.5073 0.8657 1.1334 24464 33109 24004 26753 22263 387.02 52.294 610.85 164.28 604.84 50.249 0.050984 0.052796 0.05 0.05 0.1449 0.13324 0.12279 64
1.6842 0.84807 1.0219 1.5073 0.8657 1.1334 24464 33109 24004 26753 22263 387.02 52.294 610.85 164.28 604.84 50.249 0.050984 0.052796 0.05 0.05 0.1449 0.13324 0.12279 65
1.6842 0.84807 1.0219 1.5073 0.8657 1.1334 24464 33109 24004 26753 22263 387.02 52.294 610.85 164.28 604.84 50.249 0.050984 0.052796 0.05 0.05 0.1449 0.13324 0.12279 66
1.6842 0.84807 1.0219 1.5073 0.8657 1.1334 24464 33109 24004 26753 22263 387.02 52.294 610.85 164.28 604.84 50.249 0.050984 0.052796 0.05 0.05 0.1449 0.13324 0.12279 67
1.6842 0.84807 1.0219 1.5073 0.8657 1.1334 24464 33109 24004 26753 22263 387.02 52.294 610.85 164.28 604.84 50.249 0.050984 0.052796 0.05 0.05 0.1449 0.13324 0.12279 68
1.6842 0.84807 1.0219 1.5073 0.8657 1.1334 24464 33109 24004 26753 22263 387.02 52.294 610.85 164.28 604.84 50.249 0.050984 0.052796 0.05 0.05 0.1449 0.13324 0.12279 69
1.6835 0.84823 1.0216 1.5084 0.87006 1.1417 24224 33228 24062 26717 22215 387.67 54.343 609.15 164.14 605.39 49.19 0.05072 0.051419 0.050093 0.05 0.14711 0.13151 0.12032 70
1.6834 0.84835 1.0216 1.5085 0.87058 1.1435 24058 33285 24083 26833 22253 388.12 54.711 609.25 164.11 605.55 49.311 0.050727 0.051446 0.050067 0.05 0.14707 0.13177 0.11842 71
1.6834 0.84835 1.0216 1.5085 0.87058 1.1435 24058 33285 24083 26833 22253 388.12 54.711 609.25 164.11 605.55 49.311 0.050727 0.051446 0.050067 0.05 0.14707 0.13177 0.11842 72
1.6833 0.84834 1.0216 1.5085 0.87048 1.1433 24061 33275 24083 26824 22252 388.11 54.675 609.26 164.11 605.55 49.298 0.050727 0.051444 0.050067 0.05 0.14708 0.13174 0.11809 73
1.6833 0.84834 1.0216 1.5085 0.87048 1.1433 24061 33275 24083 26824 22252 388.11 54.675 609.26 164.11 605.55 49.298 0.050727 0.051444 0.050067 0.05 0.14708 0.13174 0.11809 74
1.6833 0.84834 1.0216 1.5085 0.87048 1.1433 24061 33275 24083 26824 22252 388.11 54.675 609.26 164.11 605.55 49.298 0.050727 0.051444 0.050067 0.05 0.14708 0.13174 0.11809 75
1.684 0.84835 1.0216 1.5085 0.87097 1.1424 24062 33299 24144 27024 22248 388.64 54.573 609.65 164.1 605.54 50.601 0.050338 0.051286 0.050131 0.050006 0.14643 0.13261 0.11771 76
1.684 0.84835 1.0216 1.5085 0.871 1.1424 24060 33298 24144 27032 22248 388.64 54.564 609.69 164.1 605.55 50.699 0.050307 0.051281 0.050138 0.050007 0.14634 0.13258 0.11755 77
1.6833 0.84825 1.0215 1.5086 0.87252 1.1487 24076 33283 24008 27085 22233 388.42 54.328 609.14 164.01 605.82 50.312 0.050566 0.051208 0.050201 0.050009 0.14747 0.13218 0.11745 78
1.6839 0.84826 1.0214 1.5086 0.87148 1.1479 24107 33306 23995 27115 22251 388.78 54.612 609.01 164.11 604.28 50.407 0.050529 0.050677 0.050238 0.050019 0.14783 0.13188 0.11743 79
1.684 0.84828 1.0208 1.5086 0.87307 1.1458 24120 33260 24016 26971 22263 388.81 54.783 609.01 164.11 604.86 49.808 0.050305 0.050724 0.050221 0.050019 0.14705 0.13087 0.11626 80
1.684 0.84828 1.0208 1.5086 0.87307 1.1458 24120 33260 24016 26971 22263 388.81 54.783 609.01 164.11 604.86 49.808 0.050305 0.050724 0.050221 0.050019 0.14705 0.13087 0.11626 81
1.684 0.84828 1.0208 1.5086 0.87307 1.1458 24120 33260 24016 26971 22263 388.81 54.783 609.01 164.11 604.86 49.808 0.050305 0.050724 0.050221 0.050019 0.14705 0.13087 0.11626 82
1.6837 0.8483 1.0208 1.5086 0.87345 1.1522 24251 33304 24035 26964 22197 388.66 52.519 609.22 164.04 605.19 50.188 0.05019 0.051126 0.050024 0.05002 0.14685 0.12956 0.11611 83
1.6839 0.84828 1.0215 1.5086 0.87346 1.1504 24269 33289 24011 27269 22164 388.78 54.364 609.46 163.93 605.25 50.271 0.050146 0.051163 0.050126 0.050016 0.1472 0.13212 0.115 84
1.6839 0.84828 1.0215 1.5086 0.87346 1.1504 24269 33289 24011 27269 22164 388.78 54.364 609.46 163.93 605.25 50.271 0.050146 0.051163 0.050126 0.050016 0.1472 0.13212 0.115 85
1.6839 0.84828 1.0215 1.5086 0.87346 1.1504 24269 33289 24011 27269 22164 388.78 54.364 609.46 163.93 605.25 50.271 0.050146 0.051163 0.050126 0.050016 0.1472 0.13212 0.115 86
1.6839 0.84828 1.0215 1.5086 0.87346 1.1504 24269 33289 24011 27269 22164 388.78 54.364 609.46 163.93 605.25 50.271 0.050146 0.051163 0.050126 0.050016 0.1472 0.13212 0.115 87
1.6839 0.84828 1.0215 1.5086 0.87346 1.1504 24269 33289 24011 27269 22164 388.78 54.364 609.46 163.93 605.25 50.271 0.050146 0.051163 0.050126 0.050016 0.1472 0.13212 0.115 88
1.6839 0.84831 1.0215 1.5085 0.87309 1.1497 24323 33291 24049 27145 22174 388.76 54.302 609.52 163.89 605.3 50.173 0.05016 0.051166 0.050129 0.050015 0.14735 0.13205 0.11479 89
1.6839 0.84831 1.0215 1.5085 0.87309 1.1497 24323 33291 24049 27145 22174 388.76 54.302 609.52 163.89 605.3 50.173 0.05016 0.051166 0.050129 0.050015 0.14735 0.13205 0.11479 90
1.6839 0.84831 1.0215 1.5085 0.87309 1.1497 24323 33291 24049 27145 22174 388.76 54.302 609.52 163.89 605.3 50.173 0.05016 0.051166 0.050129 0.050015 0.14735 0.13205 0.11479 91
1.6839 0.84831 1.0215 1.5085 0.87306 1.1497 24331 33293 24064 27150 22174 388.76 54.302 609.57 163.89 605.31 50.172 0.050158 0.051139 0.050135 0.050015 0.14735 0.13205 0.11476 92
1.6839 0.84827 1.0215 1.5085 0.87283 1.1503 24266 33293 24014 27173 22187 388.77 54.369 609.5 163.97 605.27 50.255 0.050148 0.051081 0.050008 0.050127 0.14733 0.13185 0.1147 93
1.6839 0.84831 1.0215 1.5085 0.87303 1.1499 24315 33291 24113 27133 22144 388.65 54.306 609.54 163.9 605.29 50.19 0.050146 0.051006 0.050127 0.050017 0.14738 0.13215 0.11465 94
1.6839 0.84831 1.0215 1.5085 0.87302 1.1499 24318 33291 24113 27135 22145 388.6 54.306 609.54 163.91 605.29 50.191 0.050133 0.050948 0.050127 0.050017 0.14739 0.1321 0.11455 95
1.684 0.84828 1.0215 1.5085 0.87312 1.1497 24378 33297 24128 27120 22174 388.59 54.316 609.42 163.9 605.3 49.933 0.050157 0.050942 0.050147 0.050017 0.147 0.13213 0.11454 96
1.684 0.84828 1.0215 1.5085 0.87312 1.1497 24379 33297 24129 27120 22174 388.59 54.316 609.42 163.9 605.3 49.931 0.050157 0.05094 0.050147 0.050017 0.147 0.13213 0.11454 97
1.684 0.84828 1.0215 1.5085 0.87312 1.1497 24379 33297 24129 27120 22174 388.59 54.316 609.42 163.9 605.3 49.931 0.050157 0.05094 0.050147 0.050017 0.147 0.13213 0.11454 98
1.684 0.84829 1.0215 1.5085 0.87368 1.1504 24445 33292 24109 27116 22167 388.72 54.303 609.4 163.9 605.3 50.274 0.050117 0.050798 0.050162 0.050017 0.14734 0.13213 0.11446 99
1.684 0.8483 1.0215 1.5085 0.87361 1.15 24429 33292 24107 27125 22164 388.72 54.315 609.38 163.9 605.34 50.28 0.050125 0.050738 0.050177 0.050022 0.14741 0.13211 0.11437 100
1.684 0.8483 1.0215 1.5085 0.87335 1.15 24442 33299 24108 27126 22178 388.76 54.312 609.31 163.88 605.32 50.225 0.050135 0.050502 0.05017 0.050018 0.14736 0.13205 0.11431 101
1.684 0.8483 1.0215 1.5085 0.87335 1.15 24442 33299 24108 27126 22178 388.76 54.312 609.31 163.88 605.32 50.225 0.050135 0.050502 0.05017 0.050018 0.14736 0.13205 0.11431 102
1.684 0.8483 1.0214 1.5085 0.87336 1.1496 24460 33299 24100 27130 22198 388.77 54.342 609.11 163.89 605.31 50.245 0.050094 0.05 0.050301 0.050025 0.14736 0.13182 0.11416 103
1.684 0.8483 1.0214 1.5085 0.87336 1.1496 24460 33299 24100 27130 22198 388.77 54.342 609.11 163.89 605.31 50.245 0.050094 0.05 0.050301 0.050025 0.14736 0.13182 0.11416 104
1.684 0.8483 1.0214 1.5085 0.87336 1.1496 24460 33299 24100 27130 22198 388.77 54.342 609.11 163.89 605.31 50.245 0.050094 0.05 0.050301 0.050025 0.14736 0.13182 0.11416 105
1.6869 0.84844 1.0214 1.5084 0.87398 1.1505 24454 33294 24238 27080 21972 388.49 54.284 609.5 163.84 605.69 50.091 0.050011 0.050319 0.050121 0.05 0.14732 0.13238 0.11374 106
1.6869 0.84844 1.0214 1.5084 0.87398 1.1505 24454 33294 24238 27080 21972 388.49 54.284 609.5 163.84 605.69 50.091 0.050011 0.050319 0.050121 0.05 0.14732 0.13238 0.11374 107
1.6869 0.84844 1.0214 1.5084 0.87398 1.1505 24454 33294 24238 27080 21972 388.49 54.284 609.5 163.84 605.69 50.091 0.050011 0.050319 0.050121 0.05 0.14732 0.13238 0.11374 108
1.6869 0.84844 1.0214 1.5084 0.87398 1.1505 24454 33294 24238 27080 21972 388.49 54.284 609.5 163.84 605.69 50.091 0.050011 0.050319 0.050121 0.05 0.14732 0.13238 0.11374 109
1.6869 0.84844 1.0214 1.5084 0.87398 1.1505 24454 33294 24238 27080 21972 388.49 54.284 609.5 163.84 605.69 50.091 0.050011 0.050319 0.050121 0.05 0.14732 0.13238 0.11374 110
1.6869 0.84844 1.0214 1.5084 0.87398 1.1505 24454 33294 24238 27080 21972 388.49 54.284 609.5 163.84 605.69 50.091 0.050011 0.050319 0.050121 0.05 0.14732 0.13238 0.11374 111
1.6869 0.84844 1.0214 1.5084 0.87398 1.1505 24454 33294 24238 27080 21972 388.49 54.284 609.5 163.84 605.69 50.091 0.050011 0.050319 0.050121 0.05 0.14732 0.13238 0.11374 112
1.6865 0.84832 1.0214 1.5085 0.87396 1.1512 24326 33304 24280 27085 22084 388.56 54.197 609.63 163.94 605.82 50.551 0.05 0.050531 0.050175 0.050004 0.14721 0.13197 0.1132 113
1.6865 0.84832 1.0214 1.5085 0.87396 1.1512 24326 33304 24280 27085 22084 388.56 54.197 609.63 163.94 605.82 50.551 0.05 0.050531 0.050175 0.050004 0.14721 0.13197 0.1132 114
1.6865 0.84832 1.0214 1.5085 0.87396 1.1512 24326 33304 24280 27085 22084 388.56 54.197 609.63 163.94 605.82 50.551 0.05 0.050531 0.050175 0.050004 0.14721 0.13197 0.1132 115
1.6865 0.84832 1.0214 1.5085 0.87396 1.1512 24326 33304 24280 27085 22084 388.56 54.197 609.63 163.94 605.82 50.551 0.05 0.050531 0.050175 0.050004 0.14721 0.13197 0.1132 116
1.6865 0.84832 1.0214 1.5085 0.87396 1.1512 24326 33304 24280 27085 22084 388.56 54.197 609.63 163.94 605.82 50.551 0.05 0.050531 0.050175 0.050004 0.14721 0.13197 0.1132 117
1.6865 0.84832 1.0214 1.5085 0.87398 1.1512 24326 33303 24284 27085 22086 388.56 54.176 609.54 163.94 605.82 50.52 0.05 0.05053 0.05018 0.050004 0.14721 0.13197 0.11318 118
1.6867 0.84836 1.0213 1.5084 0.87805 1.156 24451 33305 24285 27291 21982 387.93 54.136 609.82 163.92 605.83 50.489 0.05 0.050463 0.050206 0.050004 0.14763 0.13212 0.1124 119
1.6867 0.84836 1.0213 1.5084 0.87805 1.156 24451 33305 24285 27291 21982 387.93 54.136 609.82 163.92 605.83 50.489 0.05 0.050463 0.050206 0.050004 0.14763 0.13212 0.1124 120
1.6865 0.84833 1.0213 1.5084 0.87831 1.156 24385 33300 24310 27263 22037 388.29 54.127 609.81 164.02 605.9 50.491 0.05 0.050577 0.050164 0.050003 0.14733 0.13211 0.11215 121
1.6865 0.84832 1.0213 1.5084 0.87881 1.1566 24384 33300 24315 27281 22040 388.27 54.116 609.85 164.05 605.93 50.542 0.05 0.05058 0.050169 0.050003 0.14735 0.1321 0.11205 122
1.6865 0.84832 1.0213 1.5084 0.87886 1.1567 24384 33300 24316 27283 22040 388.26 54.115 609.85 164.05 605.93 50.547 0.05 0.050581 0.05017 0.050003 0.14735 0.1321 0.11205 123
1.6865 0.84832 1.0213 1.5084 0.87887 1.1567 24384 33300 24316 27283 22040 388.26 54.115 609.85 164.05 605.93 50.548 0.05 0.050581 0.05017 0.050003 0.14735 0.1321 0.11204 124
1.6865 0.84832 1.0213 1.5084 0.87887 1.1567 24384 33300 24316 27283 22040 388.26 54.115 609.85 164.05 605.93 50.548 0.05 0.050581 0.05017 0.050003 0.14735 0.1321 0.11204 125
1.6865 0.84832 1.0213 1.5084 0.87887 1.1567 24384 33300 24316 27283 22040 388.26 54.115 609.85 164.05 605.93 50.548 0.05 0.050581 0.05017 0.050003 0.14735 0.1321 0.11204 126
1.6865 0.84832 1.0213 1.5084 0.87887 1.1567 24384 33300 24316 27283 22040 388.26 54.115 609.85 164.05 605.93 50.548 0.05 0.050581 0.05017 0.050003 0.14735 0.1321 0.11204 127
1.6865 0.84832 1.0213 1.5084 0.87887 1.1567 24384 33300 24316 27283 22040 388.26 54.115 609.85 164.05 605.93 50.548 0.05 0.050581 0.05017 0.050003 0.14735 0.1321 0.11204 128
1.6865 0.84832 1.0213 1.5084 0.87887 1.1567 24384 33300 24316 27283 22040 388.26 54.115 609.85 164.05 605.93 50.548 0.05 0.050581 0.05017 0.050003 0.14735 0.1321 0.11204 129
1.6865 0.84832 1.0213 1.5084 0.87887 1.1567 24384 33300 24316 27283 22040 388.26 54.115 609.85 164.05 605.93 50.548 0.05 0.050581 0.05017 0.050003 0.14735 0.1321 0.11204 130
1.6865 0.84832 1.0213 1.5084 0.87887 1.1567 24384 33300 24316 27283 22040 388.26 54.115 609.85 164.05 605.93 50.548 0.05 0.050581 0.05017 0.050003 0.14735 0.1321 0.11204 131
1.6865 0.84832 1.0213 1.5084 0.87887 1.1567 24384 33300 24316 27283 22040 388.26 54.115 609.85 164.05 605.93 50.548 0.05 0.050581 0.05017 0.050003 0.14735 0.1321 0.11204 132
1.6865 0.84832 1.0213 1.5084 0.87887 1.1567 24384 33300 24316 27283 22040 388.26 54.115 609.85 164.05 605.93 50.548 0.05 0.050581 0.05017 0.050003 0.14735 0.1321 0.11204 133
1.6865 0.84832 1.0213 1.5084 0.87887 1.1567 24384 33300 24316 27283 22040 388.26 54.115 609.85 164.05 605.93 50.548 0.05 0.050581 0.05017 0.050003 0.14735 0.1321 0.11204 134
1.6865 0.84832 1.0213 1.5084 0.87887 1.1567 24384 33300 24316 27283 22040 388.26 54.115 609.85 164.05 605.93 50.548 0.05 0.050581 0.05017 0.050003 0.14735 0.1321 0.11204 135
1.6871 0.84825 1.0213 1.5084 0.88337 1.1601 24535 33288 24337 27554 21993 388.15 54.319 609.45 163.96 606.56 50.445 0.05 0.050497 0.050011 0.050005 0.14673 0.13227 0.11167 136
1.6871 0.84825 1.0213 1.5084 0.88337 1.1601 24535 33288 24337 27554 21993 388.15 54.319 609.45 163.96 606.56 50.445 0.05 0.050497 0.050011 0.050005 0.14673 0.13227 0.11167 137
1.6876 0.84833 1.0212 1.5084 0.88823 1.1612 24935 33279 24371 27758 21993 387.52 54.609 609.49 163.85 606.9 50.103 0.05 0.050143 0.050015 0.050005 0.14706 0.13285 0.11129 138
1.6876 0.84833 1.0212 1.5084 0.88823 1.1612 24935 33279 24371 27758 21993 387.52 54.609 609.49 163.85 606.9 50.103 0.05 0.050143 0.050015 0.050005 0.14706 0.13285 0.11129 139
1.6876 0.84833 1.0212 1.5084 0.88823 1.1612 24935 33279 24371 27758 21993 387.52 54.609 609.49 163.85 606.9 50.103 0.05 0.050143 0.050015 0.050005 0.14706 0.13285 0.11129 140
1.6876 0.84833 1.0212 1.5084 0.88823 1.1612 24935 33279 24371 27758 21993 387.52 54.609 609.49 163.85 606.9 50.103 0.05 0.050143 0.050015 0.050005 0.14706 0.13285 0.11129 141
1.6876 0.84833 1.0212 1.5084 0.88823 1.1612 24935 33279 24371 27758 21993 387.52 54.609 609.49 163.85 606.9 50.103 0.05 0.050143 0.050015 0.050005 0.14706 0.13285 0.11129 142
1.6876 0.84833 1.0212 1.5084 0.88823 1.1612 24935 33279 24371 27758 21993 387.52 54.609 609.49 163.85 606.9 50.103 0.05 0.050143 0.050015 0.050005 0.14706 0.13285 0.11129 143
1.6876 0.84833 1.0212 1.5084 0.88823 1.1612 24935 33279 24371 27758 21993 387.52 54.609 609.49 163.85 606.9 50.103 0.05 0.050143 0.050015 0.050005 0.14706 0.13285 0.11129 144
1.6876 0.84833 1.0212 1.5084 0.88823 1.1612 24935 33279 24371 27758 21993 387.52 54.609 609.49 163.85 606.9 50.103 0.05 0.050143 0.050015 0.050005 0.14706 0.13285 0.11129 145
1.6874 0.84832 1.0212 1.5084 0.88792 1.1613 24998 33253 24387 27765 21978 388.18 54.557 609.49 163.63 607.6 50.143 0.05 0.050059 0.050013 0.050006 0.14703 0.13277 0.11125 146
1.6874 0.84832 1.0212 1.5084 0.88792 1.1613 24998 33253 24387 27765 21978 388.18 54.557 609.49 163.63 607.6 50.143 0.05 0.050059 0.050013 0.050006 0.14703 0.13277 0.11125 147
1.6878 0.84833 1.0212 1.5084 0.8904 1.1603 25030 33253 24439 27870 22149 388.08 54.557 609.47 163.71 608.26 50.145 0.05 0.050024 0.05 0.050005 0.14704 0.13296 0.11024 148
1.6878 0.84833 1.0212 1.5084 0.8904 1.1603 25030 33253 24439 27870 22149 388.08 54.557 609.47 163.71 608.26 50.145 0.05 0.050024 0.05 0.050005 0.14704 0.13296 0.11024 149
1.6878 0.84833 1.0212 1.5084 0.8904 1.1603 25030 33253 24439 27870 22149 388.08 54.557 609.47 163.71 608.26 50.145 0.05 0.050024 0.05 0.050005 0.14704 0.13296 0.11024 150
1.6878 0.84833 1.0212 1.5084 0.8904 1.1603 25030 33253 24439 27870 22149 388.08 54.557 609.47 163.71 608.26 50.145 0.05 0.050024 0.05 0.050005 0.14704 0.13296 0.11024 151
1.6885 0.84835 1.0211 1.5084 0.89022 1.1624 24859 33295 24471 27911 22142 387.98 54.457 609.54 163.86 608.87 50.331 0.05 0.05 0.05 0.05001 0.14702 0.13239 0.11019 152
1.6873 0.84833 1.0212 1.5085 0.88963 1.161 25071 33288 24434 27828 22118 388.14 54.552 609.47 163.57 608.47 50.355 0.050001 0.050033 0.050011 0.050006 0.14701 0.13211 0.10984 153
1.6873 0.84833 1.0212 1.5085 0.88963 1.161 25071 33288 24434 27828 22118 388.14 54.552 609.47 163.57 608.47 50.355 0.050001 0.050033 0.050011 0.050006 0.14701 0.13211 0.10984 154
1.6885 0.84834 1.0211 1.5084 0.89184 1.1628 24955 33269 24362 27984 22181 387.97 54.391 609.51 163.58 608.18 50.309 0.05 0.05 0.05 0.050007 0.14693 0.13242 0.10982 155
1.688 0.84831 1.0212 1.5083 0.88965 1.1629 24742 33299 24385 27874 22072 387.98 54.597 609.41 164.08 607.7 50.151 0.050006 0.050165 0.050033 0.05001 0.14695 0.13209 0.10981 156
1.6885 0.84834 1.0211 1.5084 0.89183 1.1628 24955 33269 24361 27984 22181 387.97 54.393 609.51 163.58 608.18 50.308 0.05 0.05 0.05 0.050007 0.14693 0.13242 0.10977 157
1.6886 0.84834 1.0212 1.5083 0.89009 1.1627 24792 33295 24446 27862 22077 387.97 54.585 609.34 163.86 608.2 50.262 0.05 0.050145 0.050032 0.05001 0.14698 0.13254 0.10926 158
1.6886 0.84834 1.0212 1.5083 0.89009 1.1627 24792 33295 24446 27862 22077 387.97 54.585 609.34 163.86 608.2 50.262 0.05 0.050145 0.050032 0.05001 0.14698 0.13254 0.10926 159
1.6886 0.84834 1.0212 1.5083 0.89005 1.1627 24793 33295 24446 27862 22082 387.97 54.579 609.33 163.86 608.19 50.263 0.05 0.050146 0.050032 0.05001 0.14698 0.13246 0.10914 160
1.6886 0.84834 1.0212 1.5083 0.89005 1.1627 24793 33295 24446 27862 22082 387.97 54.579 609.33 163.86 608.19 50.263 0.05 0.050146 0.050032 0.05001 0.14698 0.13246 0.10914 161
1.6886 0.84834 1.0212 1.5083 0.89005 1.1627 24793 33295 24446 27862 22082 387.97 54.579 609.33 163.86 608.19 50.263 0.05 0.050146 0.050032 0.05001 0.14698 0.13246 0.10914 162
1.6888 0.84834 1.0212 1.5083 0.89004 1.1626 24867 33298 24432 27871 22079 388 54.574 609.35 163.87 608.35 50.215 0.050001 0.050166 0.050036 0.050011 0.14696 0.13243 0.10898 163
1.6888 0.84834 1.0212 1.5083 0.89004 1.1626 24861 33298 24432 27886 22079 387.98 54.574 609.33 163.86 608.34 50.185 0.05 0.050178 0.05004 0.050012 0.14696 0.13243 0.1089 164
1.6888 0.84834 1.0212 1.5083 0.89004 1.1626 24860 33298 24432 27888 22079 387.98 54.574 609.33 163.86 608.34 50.182 0.05 0.05018 0.05004 0.050012 0.14696 0.13243 0.1089 165
1.6888 0.84834 1.0212 1.5083 0.89004 1.1626 24860 33298 24433 27888 22079 387.98 54.574 609.33 163.86 608.34 50.182 0.05 0.05018 0.05004 0.050012 0.14696 0.13243 0.1089 166
1.6888 0.84834 1.0212 1.5083 0.89004 1.1626 24860 33298 24433 27888 22079 387.98 54.574 609.33 163.86 608.34 50.182 0.05 0.05018 0.05004 0.050012 0.14696 0.13243 0.1089 167
1.6883 0.84833 1.0212 1.5083 0.89036 1.1627 24944 33295 24440 27891 22111 387.99 54.567 609.36 163.88 608.55 50.013 0.050006 0.050167 0.050038 0.050011 0.14691 0.13241 0.10889 168
1.6883 0.84833 1.0212 1.5083 0.89036 1.1627 24944 33295 24440 27891 22111 387.99 54.567 609.36 163.88 608.55 50.013 0.050006 0.050167 0.050038 0.050011 0.14691 0.13241 0.10889 169
1.689 0.84834 1.0212 1.5083 0.89054 1.1631 24956 33301 24444 27912 22110 387.97 54.576 609.27 163.89 608.8 49.868 0.050003 0.050174 0.050041 0.050009 0.14695 0.13238 0.10886 170
1.689 0.84834 1.0212 1.5083 0.89054 1.1631 24956 33301 24444 27912 22110 387.97 54.576 609.27 163.89 608.8 49.868 0.050003 0.050174 0.050041 0.050009 0.14695 0.13238 0.10886 171
1.689 0.84834 1.0212 1.5083 0.89054 1.1631 24956 33301 24444 27912 22110 387.97 54.576 609.27 163.89 608.8 49.868 0.050003 0.050174 0.050041 0.050009 0.14695 0.13238 0.10886 172
1.689 0.84834 1.0212 1.5083 0.89054 1.1631 24956 33301 24444 27912 22110 387.97 54.576 609.27 163.89 608.8 49.868 0.050003 0.050174 0.050041 0.050009 0.14695 0.13238 0.10886 173
1.689 0.84834 1.0212 1.5083 0.89054 1.1631 24956 33301 24444 27912 22110 387.97 54.576 609.27 163.89 608.8 49.868 0.050003 0.050174 0.050041 0.050009 0.14695 0.13238 0.10886 174
1.689 0.84834 1.0212 1.5083 0.89054 1.1631 24956 33301 24444 27912 22110 387.97 54.576 609.27 163.89 608.8 49.868 0.050003 0.050174 0.050041 0.050009 0.14695 0.13238 0.10886 175
1.689 0.84834 1.0212 1.5083 0.89054 1.1631 24956 33301 24444 27912 22110 387.97 54.576 609.27 163.89 608.8 49.868 0.050003 0.050174 0.050041 0.050009 0.14695 0.13238 0.10886 176
1.689 0.84834 1.0212 1.5083 0.89054 1.1631 24956 33301 24444 27912 22110 387.97 54.576 609.27 163.89 608.8 49.868 0.050003 0.050174 0.050041 0.050009 0.14695 0.13238 0.10886 177
1.6884 0.84833 1.0212 1.5084 0.89062 1.1629 24946 33305 24444 27931 22118 388 54.582 609.38 163.88 608.46 49.882 0.050004 0.050183 0.050043 0.050009 0.14695 0.13238 0.10885 178
1.6884 0.84833 1.0212 1.5084 0.89062 1.1629 24946 33305 24444 27931 22118 388 54.582 609.38 163.88 608.46 49.882 0.050004 0.050183 0.050043 0.050009 0.14695 0.13238 0.10885 179
1.6887 0.84835 1.0212 1.5083 0.89067 1.1633 24881 33305 24443 27952 22126 387.96 54.577 609.27 163.9 608.85 50.039 0.050003 0.050172 0.050034 0.050009 0.1469 0.1324 0.10885 180
1.6887 0.84835 1.0212 1.5083 0.89084 1.1634 24884 33305 24444 27949 22130 387.96 54.578 609.26 163.9 608.91 50.016 0.050003 0.050171 0.050033 0.050009 0.1469 0.13239 0.10878 181
1.6887 0.84835 1.0212 1.5083 0.89084 1.1634 24884 33305 24444 27949 22130 387.96 54.578 609.26 163.9 608.91 50.016 0.050003 0.050171 0.050033 0.050009 0.1469 0.13239 0.10878 182
1.6887 0.84835 1.0212 1.5083 0.89082 1.1634 24884 33305 24444 27949 22130 387.96 54.578 609.26 163.9 608.91 50.016 0.050003 0.050171 0.050033 0.050009 0.1469 0.13239 0.10877 183
1.6887 0.84835 1.0212 1.5083 0.89082 1.1634 24884 33305 24444 27949 22130 387.96 54.578 609.26 163.9 608.91 50.016 0.050003 0.050171 0.050033 0.050009 0.1469 0.13239 0.10877 184
1.6887 0.84835 1.0212 1.5083 0.89082 1.1634 24884 33305 24444 27949 22130 387.96 54.578 609.26 163.9 608.91 50.016 0.050003 0.050171 0.050033 0.050009 0.1469 0.13239 0.10877 185
1.6887 0.84835 1.0212 1.5083 0.89082 1.1634 24884 33305 24444 27949 22130 387.96 54.578 609.26 163.9 608.91 50.016 0.050003 0.050171 0.050033 0.050009 0.1469 0.13239 0.10877 186
1.6886 0.84832 1.0212 1.5083 0.89087 1.1635 24889 33303 24444 27959 22116 387.99 54.583 609.36 163.9 608.46 50.02 0.050003 0.050172 0.050034 0.050004 0.14696 0.13239 0.10873 187
1.6887 0.84835 1.0212 1.5083 0.89072 1.1633 24867 33305 24443 27957 22134 387.96 54.57 609.36 163.89 608.86 50.024 0.050003 0.050168 0.050035 0.050009 0.1469 0.13239 0.10863 188
1.6887 0.84835 1.0212 1.5083 0.89072 1.1633 24867 33305 24443 27957 22134 387.96 54.57 609.36 163.89 608.86 50.024 0.050003 0.050168 0.050035 0.050009 0.1469 0.13239 0.10863 189
1.6887 0.84835 1.0212 1.5083 0.89078 1.1635 24837 33304 24444 27941 22133 387.96 54.572 609.37 163.92 608.81 50.031 0.050003 0.050161 0.050033 0.050009 0.14692 0.13239 0.10863 190
1.6887 0.84835 1.0212 1.5083 0.89077 1.1635 24832 33304 24444 27940 22133 387.96 54.571 609.38 163.92 608.8 50.036 0.050003 0.050162 0.050033 0.050009 0.14692 0.13239 0.10862 191
1.6886 0.84834 1.0212 1.5083 0.89082 1.1633 24856 33301 24443 27969 22123 387.99 54.616 609.37 163.9 608.75 49.989 0.050003 0.05016 0.050037 0.050009 0.14694 0.13243 0.10862 192
1.6886 0.84834 1.0212 1.5083 0.89082 1.1633 24856 33301 24443 27969 22123 387.99 54.616 609.37 163.9 608.75 49.989 0.050003 0.05016 0.050037 0.050009 0.14694 0.13243 0.10862 193
1.6887 0.84835 1.0212 1.5083 0.8908 1.1637 24824 33302 24442 27972 22136 387.96 54.56 609.38 163.92 608.88 50.003 0.050004 0.050159 0.050041 0.050009 0.14695 0.1324 0.10859 194
1.6887 0.84835 1.0212 1.5083 0.8908 1.1637 24824 33302 24442 27970 22137 387.96 54.559 609.38 163.92 608.89 50.005 0.050004 0.050158 0.050041 0.050009 0.14695 0.1324 0.10858 195
1.6887 0.84835 1.0212 1.5083 0.8908 1.1637 24824 33302 24442 27970 22137 387.96 54.559 609.38 163.92 608.89 50.005 0.050004 0.050158 0.050041 0.050009 0.14695 0.1324 0.10858 196
1.6886 0.84835 1.0212 1.5083 0.89078 1.1636 24820 33302 24443 27966 22138 387.97 54.557 609.38 163.92 608.88 50.014 0.050003 0.050159 0.050033 0.050009 0.14692 0.1324 0.10857 197
1.6886 0.84835 1.0212 1.5083 0.89078 1.1636 24820 33302 24443 27966 22138 387.97 54.557 609.38 163.92 608.88 50.014 0.050003 0.050159 0.050033 0.050009 0.14692 0.1324 0.10857 198
1.6886 0.84835 1.0212 1.5083 0.89078 1.1636 24820 33302 24443 27966 22138 387.97 54.557 609.38 163.92 608.88 50.014 0.050003 0.050159 0.050033 0.050009 0.14692 0.1324 0.10857 199
1.6889 0.84835 1.0212 1.5083 0.89092 1.1638 24819 33302 24441 27968 22134 387.97 54.559 609.37 163.92 608.77 50.012 0.050002 0.050135 0.050032 0.050009 0.14693 0.1324 0.10852 200
1.6889 0.84835 1.0212 1.5083 0.89091 1.1638 24817 33302 24441 27968 22134 387.97 54.558 609.38 163.92 608.78 50.012 0.050003 0.050125 0.050031 0.050009 0.14693 0.1324 0.10852 201
1.6888 0.84835 1.0212 1.5083 0.89086 1.1638 24819 33302 24443 27984 22134 387.97 54.559 609.37 163.92 608.85 50.025 0.050003 0.050132 0.050032 0.050009 0.14694 0.1324 0.10852 202
1.6888 0.84835 1.0212 1.5083 0.89086 1.1638 24818 33302 24443 27988 22134 387.97 54.559 609.37 163.91 608.86 50.026 0.050003 0.050128 0.050033 0.050009 0.14694 0.13238 0.10851 203
1.6889 0.84835 1.0212 1.5083 0.89086 1.1638 24819 33302 24443 27991 22134 387.97 54.559 609.37 163.91 608.86 50.028 0.050003 0.050126 0.050033 0.050009 0.14695 0.13238 0.10851 204
1.6889 0.84834 1.0212 1.5083 0.89091 1.1638 24817 33301 24443 28003 22133 387.97 54.558 609.36 163.91 608.86 50.024 0.050003 0.050117 0.050032 0.050009 0.14696 0.13239 0.1085 205
1.6889 0.84834 1.0212 1.5083 0.89094 1.1639 24815 33301 24444 27999 22132 387.97 54.573 609.37 163.92 608.88 50.023 0.050003 0.05013 0.050032 0.050009 0.14693 0.13239 0.10849 206
1.6889 0.84834 1.0212 1.5083 0.89097 1.164 24798 33301 24444 28017 22131 387.97 54.577 609.37 163.92 608.91 50.029 0.050003 0.050135 0.050033 0.050009 0.14693 0.13239 0.10848 207
1.689 0.84834 1.0212 1.5083 0.89103 1.164 24790 33301 24444 28033 22129 387.97 54.592 609.37 163.93 608.91 50.025 0.050003 0.050135 0.050033 0.050009 0.14694 0.13239 0.10847 208
1.6889 0.84835 1.0212 1.5083 0.89091 1.1641 24805 33300 24444 28002 22112 387.97 54.544 609.35 163.92 608.73 50.027 0.050003 0.050105 0.050033 0.050009 0.14697 0.1324 0.10846 209
1.689 0.84836 1.0212 1.5083 0.89153 1.1641 24781 33302 24439 28046 22117 388 54.587 609.35 163.94 608.68 50.056 0.050002 0.050121 0.050034 0.050009 0.14694 0.13245 0.10843 210
1.689 0.84836 1.0212 1.5083 0.89153 1.1641 24781 33302 24439 28046 22117 388 54.587 609.35 163.94 608.68 50.056 0.050002 0.050121 0.050034 0.050009 0.14694 0.13245 0.10843 211
1.689 0.84836 1.0212 1.5083 0.89153 1.1641 24781 33302 24439 28046 22117 388 54.587 609.35 163.94 608.68 50.056 0.050002 0.050121 0.050034 0.050009 0.14694 0.13245 0.10843 212
1.6889 0.84835 1.0212 1.5083 0.89168 1.1643 24773 33302 24433 28126 22113 388.11 54.585 609.37 163.94 608.63 50.091 0.050003 0.050069 0.050033 0.05001 0.14695 0.13249 0.10832 213
1.6898 0.84835 1.0212 1.5083 0.89272 1.1648 24817 33300 24436 28153 22127 388.04 54.58 609.37 163.94 608.59 50.048 0.050002 0.050148 0.05001 0.05001 0.14687 0.13243 0.1083 214
1.6898 0.84835 1.0212 1.5083 0.89272 1.1648 24817 33300 24436 28153 22127 388.04 54.58 609.37 163.94 608.59 50.048 0.050002 0.050148 0.05001 0.05001 0.14687 0.13243 0.1083 215
1.6898 0.84835 1.0212 1.5083 0.89272 1.1648 24817 33300 24436 28153 22127 388.04 54.58 609.37 163.94 608.59 50.048 0.050002 0.050148 0.05001 0.05001 0.14687 0.13243 0.1083 216
1.6898 0.84835 1.0212 1.5083 0.89272 1.1648 24817 33300 24436 28153 22127 388.04 54.58 609.37 163.94 608.59 50.048 0.050002 0.050148 0.05001 0.05001 0.14687 0.13243 0.1083 217
1.6898 0.84835 1.0212 1.5083 0.89272 1.1648 24817 33300 24436 28153 22127 388.04 54.58 609.37 163.94 608.59 50.048 0.050002 0.050148 0.05001 0.05001 0.14687 0.13243 0.1083 218
1.6898 0.84835 1.0212 1.5083 0.89272 1.1648 24817 33300 24436 28153 22127 388.04 54.58 609.37 163.94 608.59 50.048 0.050002 0.050148 0.05001 0.05001 0.14687 0.13243 0.1083 219
1.6898 0.84835 1.0212 1.5083 0.89272 1.1648 24817 33300 24436 28153 22127 388.04 54.58 609.37 163.94 608.59 50.048 0.050002 0.050148 0.05001 0.05001 0.14687 0.13243 0.1083 220
1.6898 0.84835 1.0212 1.5083 0.89272 1.1648 24817 33300 24436 28153 22127 388.04 54.58 609.37 163.94 608.59 50.048 0.050002 0.050148 0.05001 0.05001 0.14687 0.13243 0.1083 221
1.6898 0.84835 1.0212 1.5083 0.89272 1.1648 24817 33300 24436 28153 22127 388.04 54.58 609.37 163.94 608.59 50.048 0.050002 0.050148 0.05001 0.05001 0.14687 0.13243 0.1083 222
1.6898 0.84835 1.0212 1.5083 0.89272 1.1648 24817 33300 24436 28153 22127 388.04 54.58 609.37 163.94 608.59 50.048 0.050002 0.050148 0.05001 0.05001 0.14687 0.13243 0.1083 223
1.6898 0.84835 1.0212 1.5083 0.89272 1.1648 24817 33300 24436 28153 22127 388.04 54.58 609.37 163.94 608.59 50.048 0.050002 0.050148 0.05001 0.05001 0.14687 0.13243 0.1083 224
1.6893 0.84835 1.0212 1.5083 0.89233 1.1647 24808 33301 24440 28096 22127 388.02 54.577 609.38 163.93 608.64 50.045 0.050003 0.050108 0.050028 0.05001 0.14687 0.13243 0.10826 225
1.6898 0.84835 1.0212 1.5083 0.8927 1.1649 24816 33300 24436 28152 22122 388.04 54.58 609.37 163.94 608.58 50.047 0.050002 0.050147 0.05001 0.05001 0.14687 0.13243 0.10823 226
1.6898 0.84835 1.0212 1.5083 0.89269 1.165 24816 33300 24436 28152 22120 388.04 54.58 609.37 163.94 608.58 50.047 0.050002 0.050147 0.05001 0.05001 0.14687 0.13243 0.10823 227
1.6899 0.84836 1.0212 1.5083 0.89281 1.1648 24807 33300 24436 28148 22125 388.04 54.579 609.36 163.93 608.6 50.047 0.050002 0.050099 0.050005 0.05001 0.14687 0.13242 0.1082 228
1.6899 0.84836 1.0212 1.5083 0.89281 1.1648 24807 33300 24436 28148 22125 388.04 54.579 609.36 163.93 608.6 50.047 0.050002 0.050099 0.050005 0.05001 0.14687 0.13242 0.1082 229
1.6899 0.84836 1.0212 1.5083 0.89282 1.1649 24807 33300 24437 28153 22125 388.04 54.579 609.36 163.93 608.61 50.047 0.050002 0.050098 0.050004 0.05001 0.14687 0.13242 0.10817 230
1.6898 0.84836 1.0212 1.5083 0.89281 1.1648 24807 33300 24437 28153 22125 388.04 54.579 609.36 163.93 608.61 50.047 0.050002 0.050098 0.050004 0.05001 0.14687 0.13242 0.10817 231
1.6898 0.84836 1.0212 1.5083 0.89281 1.1648 24807 33300 24437 28153 22125 388.04 54.579 609.36 163.93 608.61 50.047 0.050002 0.050098 0.050004 0.05001 0.14687 0.13242 0.10817 232
1.6898 0.84836 1.0212 1.5083 0.89281 1.1648 24807 33300 24437 28153 22125 388.04 54.579 609.36 163.93 608.61 50.047 0.050002 0.050098 0.050004 0.05001 0.14687 0.13242 0.10817 233
1.6898 0.84836 1.0212 1.5083 0.89281 1.1648 24807 33300 24437 28153 22125 388.04 54.579 609.36 163.93 608.61 50.047 0.050002 0.050098 0.050004 0.05001 0.14687 0.13242 0.10817 234
1.6898 0.84836 1.0212 1.5083 0.89281 1.1648 24807 33300 24437 28153 22125 388.04 54.579 609.36 163.93 608.61 50.047 0.050002 0.050098 0.050004 0.05001 0.14687 0.13242 0.10817 235
1.6898 0.84836 1.0212 1.5083 0.89281 1.1648 24807 33300 24437 28153 22125 388.04 54.579 609.36 163.93 608.61 50.047 0.050002 0.050098 0.050004 0.05001 0.14687 0.13242 0.10817 236
1.6894 0.84833 1.0212 1.5083 0.89217 1.1648 24808 33301 24453 28122 22134 388.04 54.581 609.36 163.92 608.75 50.062 0.050003 0.050065 0.05001 0.05001 0.14687 0.13243 0.10817 237
1.6899 0.84836 1.0212 1.5083 0.89269 1.1646 24808 33300 24436 28178 22129 388.07 54.586 609.37 163.92 608.61 50.036 0.050002 0.050095 0.050002 0.05001 0.14687 0.13243 0.10815 238
1.6899 0.84836 1.0212 1.5083 0.89271 1.1646 24807 33300 24436 28165 22127 388.05 54.581 609.37 163.92 608.61 50.038 0.050002 0.050098 0.050003 0.05001 0.14687 0.13242 0.10813 239
1.6899 0.84836 1.0212 1.5083 0.89271 1.1646 24807 33300 24436 28165 22127 388.05 54.581 609.37 163.92 608.61 50.038 0.050002 0.050098 0.050003 0.05001 0.14687 0.13242 0.10813 240
1.6899 0.84836 1.0212 1.5083 0.89271 1.1646 24807 33300 24436 28165 22127 388.05 54.581 609.37 163.92 608.61 50.038 0.050002 0.050098 0.050003 0.05001 0.14687 0.13242 0.10813 241
1.6899 0.84836 1.0212 1.5083 0.89271 1.1646 24807 33300 24436 28165 22127 388.05 54.581 609.37 163.92 608.61 50.038 0.050002 0.050098 0.050003 0.05001 0.14687 0.13242 0.10813 242
1.6899 0.84836 1.0212 1.5083 0.89271 1.1646 24807 33300 24436 28165 22127 388.05 54.581 609.37 163.92 608.61 50.038 0.050002 0.050098 0.050003 0.05001 0.14687 0.13242 0.10813 243
1.6899 0.84836 1.0212 1.5083 0.89271 1.1646 24807 33300 24436 28165 22127 388.05 54.581 609.37 163.92 608.61 50.038 0.050002 0.050098 0.050003 0.05001 0.14687 0.13242 0.10813 244
1.6899 0.84836 1.0212 1.5083 0.89271 1.1646 24807 33300 24436 28165 22127 388.05 54.581 609.37 163.92 608.61 50.038 0.050002 0.050098 0.050003 0.05001 0.14687 0.13242 0.10813 245
1.6899 0.84836 1.0212 1.5083 0.89271 1.1646 24807 33300 24436 28165 22127 388.05 54.581 609.37 163.92 608.61 50.038 0.050002 0.050098 0.050003 0.05001 0.14687 0.13242 0.10813 246
1.6899 0.84836 1.0212 1.5083 0.89271 1.1646 24807 33300 24436 28165 22127 388.05 54.581 609.37 163.92 608.61 50.038 0.050002 0.050098 0.050003 0.05001 0.14687 0.13242 0.10813 247
1.6899 0.84836 1.0212 1.5083 0.89271 1.1646 24807 33300 24436 28165 22127 388.05 54.581 609.37 163.92 608.61 50.038 0.050002 0.050098 0.050003 0.05001 0.14687 0.13242 0.10813 248
1.6897 0.84835 1.0212 1.5083 0.89251 1.1647 24807 33300 24450 28166 22129 388.05 54.581 609.36 163.92 608.76 50.059 0.050002 0.050055 0.050005 0.05001 0.14687 0.13242 0.1081 249
1.6897 0.84835 1.0212 1.5083 0.89251 1.1647 24807 33300 24450 28166 22129 388.05 54.581 609.36 163.92 608.76 50.059 0.050002 0.050055 0.050005 0.05001 0.14687 0.13242 0.1081 250
1.6891 0.84836 1.0212 1.5083 0.89239 1.165 24805 33303 24483 28152 22124 388.06 54.58 609.35 163.92 609.05 50.036 0.050002 0.050053 0.050005 0.05001 0.14687 0.13241 0.10806 251
1.689 0.84836 1.0212 1.5083 0.89243 1.165 24802 33302 24490 28152 22123 388.07 54.58 609.35 163.92 609.12 50.034 0.050002 0.05005 0.050004 0.05001 0.14687 0.13241 0.10801 252
1.689 0.84836 1.0212 1.5083 0.89243 1.165 24802 33302 24490 28152 22123 388.07 54.58 609.35 163.92 609.12 50.034 0.050002 0.05005 0.050004 0.05001 0.14687 0.13241 0.10801 253
1.689 0.84836 1.0212 1.5083 0.89243 1.165 24802 33302 24490 28152 22123 388.07 54.58 609.35 163.92 609.12 50.034 0.050002 0.05005 0.050004 0.05001 0.14687 0.13241 0.10801 254
1.689 0.84836 1.0212 1.5083 0.89243 1.165 24802 33302 24490 28152 22123 388.07 54.58 609.35 163.92 609.12 50.034 0.050002 0.05005 0.050004 0.05001 0.14687 0.13241 0.10801 255
1.689 0.84836 1.0212 1.5083 0.89243 1.165 24802 33302 24490 28152 22123 388.07 54.58 609.35 163.92 609.12 50.034 0.050002 0.05005 0.050004 0.05001 0.14687 0.13241 0.10801 256
1.6891 0.84836 1.0212 1.5083 0.89242 1.165 24800 33302 24493 28152 22122 388.06 54.58 609.36 163.92 609.19 50.036 0.050002 0.050049 0.050004 0.05001 0.14687 0.13241 0.108 257
1.689 0.84836 1.0212 1.5083 0.89234 1.1651 24801 33303 24486 28164 22124 388.06 54.576 609.35 163.92 609.19 50.031 0.050002 0.050056 0.050002 0.05001 0.14687 0.13241 0.108 258
1.689 0.84836 1.0212 1.5083 0.89236 1.1651 24800 33302 24487 28157 22123 388.07 54.584 609.35 163.92 609.16 50.03 0.050002 0.050049 0.050002 0.05001 0.14687 0.13242 0.10799 259
1.689 0.84836 1.0212 1.5083 0.89236 1.1651 24800 33302 24487 28157 22123 388.07 54.584 609.35 163.92 609.16 50.03 0.050002 0.050049 0.050002 0.05001 0.14687 0.13242 0.10799 260
1.6891 0.84836 1.0212 1.5083 0.89238 1.1651 24800 33303 24486 28160 22124 388.07 54.584 609.35 163.92 609.15 50.029 0.050002 0.050049 0.050001 0.05001 0.14687 0.13242 0.10798 261
1.689 0.84836 1.0212 1.5083 0.8924 1.1651 24800 33302 24488 28159 22123 388.07 54.585 609.35 163.92 609.17 50.026 0.050002 0.050028 0.050002 0.05001 0.14687 0.13242 0.10797 262
1.689 0.84836 1.0212 1.5083 0.8924 1.1651 24800 33302 24488 28159 22123 388.07 54.585 609.35 163.92 609.17 50.026 0.050002 0.050028 0.050002 0.05001 0.14687 0.13242 0.10797 263
1.6892 0.84836 1.0212 1.5083 0.89241 1.1651 24798 33303 24488 28160 22122 388.07 54.586 609.36 163.93 609.15 50.032 0.050002 0.050034 0.050003 0.05001 0.14687 0.13242 0.10796 264
1.689 0.84836 1.0212 1.5083 0.89242 1.1651 24797 33303 24487 28162 22123 388.06 54.585 609.35 163.92 609.17 50.032 0.050002 0.050028 0.050006 0.05001 0.14687 0.13241 0.10796 265
1.6891 0.84836 1.0212 1.5083 0.89243 1.1652 24798 33303 24488 28159 22125 388.06 54.583 609.36 163.93 609.19 50.035 0.050001 0.050001 0.050006 0.05001 0.14687 0.13242 0.10793 266
1.6891 0.84836 1.0212 1.5083 0.89243 1.1652 24798 33303 24491 28159 22124 388.06 54.583 609.36 163.93 609.2 50.036 0.050001 0.050001 0.050006 0.05001 0.14687 0.13242 0.10793 267
1.6891 0.84836 1.0212 1.5083 0.89256 1.1652 24796 33303 24491 28161 22127 388.06 54.584 609.35 163.93 609.15 50.035 0.050001 0.05 0.050006 0.05001 0.14687 0.13242 0.10793 268
1.6891 0.84836 1.0212 1.5083 0.89248 1.1652 24798 33303 24491 28161 22124 388.06 54.583 609.35 163.93 609.19 50.036 0.050001 0.050001 0.050006 0.05001 0.14687 0.13242 0.10792 269
1.6891 0.84836 1.0212 1.5083 0.89253 1.1653 24798 33303 24489 28160 22124 388.06 54.586 609.35 163.93 609.19 50.043 0.050001 0.05 0.050007 0.05001 0.14687 0.13241 0.10791 270
1.6892 0.84837 1.0212 1.5083 0.89262 1.1653 24796 33305 24488 28175 22123 388.07 54.589 609.35 163.94 609.22 50.034 0.050001 0.05 0.050003 0.05001 0.14686 0.1324 0.1079 271
1.6892 0.84837 1.0212 1.5083 0.89264 1.1655 24798 33303 24490 28162 22124 388.07 54.566 609.35 163.94 609.19 50.049 0.050001 0.05 0.05 0.05001 0.14686 0.1324 0.10789 272
1.6893 0.84837 1.0212 1.5083 0.89272 1.1654 24796 33306 24487 28179 22123 388.08 54.589 609.35 163.95 609.25 50.033 0.05 0.05 0.050002 0.05001 0.14686 0.13239 0.10783 273
1.6893 0.84838 1.0212 1.5083 0.89295 1.1656 24796 33306 24485 28186 22122 388.09 54.574 609.34 163.96 609.23 50.034 0.05 0.05 0.050002 0.05001 0.14686 0.13238 0.1078 274
1.6893 0.84839 1.0212 1.5083 0.89309 1.1658 24794 33313 24480 28197 22120 388.11 54.58 609.35 163.99 609.28 50.036 0.05 0.05 0.050001 0.050011 0.14686 0.13235 0.10778 275
1.6893 0.8484 1.0212 1.5083 0.89331 1.166 24797 33317 24477 28203 22119 388.12 54.571 609.34 164 609.25 50.038 0.05 0.05 0.050002 0.050011 0.14686 0.13233 0.10778 276
1.6893 0.8484 1.0212 1.5083 0.89331 1.166 24797 33317 24477 28203 22119 388.12 54.571 609.34 164 609.25 50.038 0.05 0.05 0.050002 0.050011 0.14686 0.13233 0.10778 277
1.6893 0.8484 1.0212 1.5083 0.89331 1.166 24797 33317 24477 28203 22119 388.12 54.571 609.34 164 609.25 50.038 0.05 0.05 0.050002 0.050011 0.14686 0.13233 0.10778 278
1.6893 0.8484 1.0212 1.5083 0.89331 1.166 24797 33317 24477 28203 22119 388.12 54.571 609.34 164 609.25 50.038 0.05 0.05 0.050002 0.050011 0.14686 0.13233 0.10778 279
1.6893 0.8484 1.0212 1.5083 0.89331 1.166 24797 33317 24477 28203 22119 388.12 54.571 609.34 164 609.25 50.038 0.05 0.05 0.050002 0.050011 0.14686 0.13233 0.10778 280
1.6893 0.8484 1.0212 1.5083 0.89331 1.166 24797 33317 24477 28203 22119 388.12 54.571 609.34 164 609.25 50.038 0.05 0.05 0.050002 0.050011 0.14686 0.13233 0.10778 281
1.6893 0.8484 1.0212 1.5083 0.89331 1.166 24797 33317 24477 28203 22119 388.12 54.571 609.34 164 609.25 50.038 0.05 0.05 0.050002 0.050011 0.14686 0.13233 0.10778 282
1.6893 0.8484 1.0212 1.5083 0.89331 1.166 24797 33317 24477 28203 22119 388.12 54.571 609.34 164 609.25 50.038 0.05 0.05 0.050002 0.050011 0.14686 0.13233 0.10778 283
1.6893 0.8484 1.0212 1.5083 0.89331 1.166 24797 33317 24477 28203 22119 388.12 54.571 609.34 164 609.25 50.038 0.05 0.05 0.050002 0.050011 0.14686 0.13233 0.10778 284
1.6894 0.8484 1.0212 1.5083 0.89332 1.1661 24797 33316 24476 28204 22117 388.12 54.57 609.33 164 609.23 50.038 0.05 0.05 0.050002 0.050011 0.14686 0.13232 0.10773 285
1.6894 0.8484 1.0212 1.5083 0.89332 1.1661 24797 33316 24476 28204 22117 388.12 54.57 609.33 164 609.23 50.038 0.05 0.05 0.050002 0.050011 0.14686 0.13232 0.10773 286
1.6894 0.84839 1.0212 1.5083 0.89332 1.1661 24797 33316 24479 28209 22120 388.13 54.569 609.34 164 609.22 50.032 0.05 0.05 0.050002 0.050011 0.14686 0.13234 0.10771 287
1.6893 0.84841 1.0212 1.5083 0.89343 1.1662 24781 33314 24486 28185 22116 388.12 54.565 609.37 164 609.35 50.05 0.05 0.05 0.050004 0.050011 0.14681 0.1323 0.1077 288
1.6893 0.84841 1.0212 1.5083 0.89344 1.1662 24780 33313 24487 28184 22117 388.12 54.565 609.38 164 609.35 50.051 0.05 0.05 0.050004 0.050011 0.1468 0.1323 0.10769 289
1.6893 0.84841 1.0212 1.5083 0.89344 1.1662 24780 33313 24487 28183 22117 388.12 54.565 609.38 164 609.35 50.051 0.05 0.05 0.050004 0.050011 0.1468 0.1323 0.10769 290
1.6893 0.84841 1.0212 1.5083 0.89344 1.1662 24780 33313 24487 28183 22117 388.12 54.565 609.38 164 609.35 50.051 0.05 0.05 0.050004 0.050011 0.1468 0.1323 0.10769 291
1.6893 0.84841 1.0212 1.5083 0.89344 1.1662 24780 33313 24487 28183 22117 388.12 54.565 609.38 164 609.35 50.051 0.05 0.05 0.050004 0.050011 0.1468 0.1323 0.10769 292
1.6893 0.84841 1.0212 1.5083 0.89348 1.1662 24781 33314 24477 28189 22118 388.11 54.567 609.38 164 609.37 50.052 0.050001 0.05 0.050004 0.050011 0.14682 0.1323 0.10767 293
1.6892 0.84841 1.0212 1.5083 0.89348 1.1662 24780 33314 24487 28194 22117 388.12 54.565 609.38 164 609.36 50.054 0.05 0.05 0.050005 0.050011 0.1468 0.1323 0.10766 294
1.6892 0.84841 1.0212 1.5083 0.89348 1.1662 24779 33314 24487 28193 22117 388.12 54.566 609.38 164 609.36 50.054 0.05 0.05 0.050005 0.050011 0.14679 0.1323 0.10765 295
1.6892 0.84841 1.0212 1.5083 0.89348 1.1662 24779 33314 24487 28193 22117 388.12 54.566 609.38 164 609.36 50.054 0.05 0.05 0.050005 0.050011 0.14679 0.1323 0.10765 296
1.6892 0.84841 1.0212 1.5083 0.89348 1.1662 24779 33314 24487 28193 22117 388.12 54.566 609.38 164 609.36 50.054 0.05 0.05 0.050005 0.050011 0.14679 0.1323 0.10765 297
1.6892 0.84841 1.0212 1.5084 0.89367 1.1664 24768 33316 24488 28203 22117 388.14 54.563 609.38 164 609.33 50.052 0.05 0.05 0.050007 0.050011 0.14673 0.13234 0.10763 298
1.6892 0.84842 1.0212 1.5084 0.89409 1.1667 24766 33318 24483 28217 22116 388.18 54.553 609.38 164 609.28 50.057 0.05 0.05 0.050009 0.050011 0.14669 0.13232 0.10758 299
1.6892 0.84842 1.0212 1.5084 0.89409 1.1667 24766 33318 24483 28217 22116 388.18 54.553 609.38 164 609.28 50.057 0.05 0.05 0.050009 0.050011 0.14669 0.13232 0.10758 300
1.6892 0.84842 1.0212 1.5084 0.89409 1.1667 24766 33318 24483 28217 22116 388.18 54.553 609.38 164 609.28 50.057 0.05 0.05 0.050009 0.050011 0.14669 0.13232 0.10758 301
1.6892 0.84842 1.0212 1.5084 0.89409 1.1667 24766 33318 24483 28217 22116 388.18 54.553 609.38 164 609.28 50.057 0.05 0.05 0.050009 0.050011 0.14669 0.13232 0.10758 302
1.6892 0.84842 1.0212 1.5084 0.89409 1.1667 24766 33318 24483 28217 22116 388.18 54.553 609.38 164 609.28 50.057 0.05 0.05 0.050009 0.050011 0.14669 0.13232 0.10758 303
1.6892 0.84842 1.0212 1.5084 0.89409 1.1667 24766 33318 24483 28217 22116 388.18 54.553 609.38 164 609.28 50.057 0.05 0.05 0.050009 0.050011 0.14669 0.13232 0.10758 304
1.6892 0.84842 1.0212 1.5084 0.89409 1.1667 24766 33318 24483 28217 22116 388.18 54.553 609.38 164 609.28 50.057 0.05 0.05 0.050009 0.050011 0.14669 0.13232 0.10758 305
1.6892 0.84842 1.0212 1.5084 0.89409 1.1667 24766 33318 24483 28217 22116 388.18 54.553 609.38 164 609.28 50.057 0.05 0.05 0.050009 0.050011 0.14669 0.13232 0.10758 306
1.6892 0.84842 1.0212 1.5084 0.89409 1.1667 24766 33318 24483 28217 22116 388.18 54.553 609.38 164 609.28 50.057 0.05 0.05 0.050009 0.050011 0.14669 0.13232 0.10758 307
1.6892 0.84843 1.0212 1.5084 0.89406 1.1663 24778 33314 24476 28223 22116 388.17 54.549 609.37 164 609.37 50.059 0.05 0.05 0.050004 0.050011 0.14675 0.1323 0.10755 308
1.6892 0.84844 1.0212 1.5084 0.89413 1.1664 24778 33314 24476 28228 22116 388.18 54.548 609.37 164 609.37 50.06 0.05 0.05 0.050004 0.050011 0.14675 0.13229 0.10753 309
1.6892 0.84844 1.0212 1.5084 0.89413 1.1664 24778 33314 24476 28228 22116 388.18 54.547 609.37 164 609.37 50.06 0.05 0.05 0.050004 0.050011 0.14675 0.13229 0.10753 310
1.6892 0.84844 1.0212 1.5084 0.89413 1.1664 24778 33314 24476 28228 22116 388.18 54.547 609.37 164 609.37 50.06 0.05 0.05 0.050004 0.050011 0.14675 0.13229 0.10752 311
1.6892 0.84844 1.0212 1.5084 0.89413 1.1664 24778 33314 24476 28228 22116 388.18 54.547 609.37 164 609.37 50.06 0.05 0.05 0.050004 0.050011 0.14675 0.13229 0.10752 312
1.6892 0.84856 1.0212 1.5084 0.89653 1.1656 24755 33304 24489 28238 22117 388.13 54.593 609.37 163.98 609.55 50.08 0.05 0.050001 0.05001 0.050011 0.14682 0.13231 0.10716 313
1.6892 0.84858 1.0212 1.5084 0.8968 1.1655 24754 33302 24489 28239 22117 388.12 54.599 609.37 163.98 609.57 50.09 0.05 0.050001 0.050011 0.050012 0.14681 0.13231 0.10683 314
1.6892 0.84858 1.0212 1.5084 0.89686 1.1655 24754 33302 24489 28239 22117 388.12 54.6 609.37 163.98 609.57 50.092 0.05 0.050001 0.050011 0.050012 0.14681 0.13231 0.10676 315
1.6892 0.84861 1.0212 1.5083 0.89809 1.1657 24789 33307 24489 28231 22120 388.09 54.615 609.36 163.92 609.19 50.058 0.05 0.050001 0.050014 0.050011 0.14684 0.13241 0.10587 316
1.6892 0.84861 1.0212 1.5083 0.89809 1.1657 24789 33307 24489 28231 22120 388.09 54.615 609.36 163.92 609.19 50.058 0.05 0.050001 0.050014 0.050011 0.14684 0.13241 0.10587 317
1.6892 0.84861 1.0212 1.5083 0.89809 1.1657 24789 33307 24489 28231 22120 388.09 54.615 609.36 163.92 609.19 50.058 0.05 0.050001 0.050014 0.050011 0.14684 0.13241 0.10587 318
1.6892 0.84861 1.0212 1.5083 0.89809 1.1657 24789 33307 24489 28231 22120 388.09 54.615 609.36 163.92 609.19 50.058 0.05 0.050001 0.050014 0.050011 0.14684 0.13241 0.10587 319
1.6892 0.84861 1.0212 1.5083 0.89809 1.1657 24789 33307 24489 28231 22120 388.09 54.615 609.36 163.92 609.19 50.058 0.05 0.050001 0.050014 0.050011 0.14684 0.13241 0.10587 320
1.6892 0.84861 1.0212 1.5083 0.89809 1.1657 24789 33307 24489 28231 22120 388.09 54.615 609.36 163.92 609.19 50.058 0.05 0.050001 0.050014 0.050011 0.14684 0.13241 0.10587 321
1.6892 0.84861 1.0212 1.5083 0.89809 1.1657 24789 33307 24489 28231 22120 388.09 54.615 609.36 163.92 609.19 50.058 0.05 0.050001 0.050014 0.050011 0.14684 0.13241 0.10587 322
1.6892 0.84869 1.0212 1.5084 0.8981 1.1663 24787 33319 24488 28240 22118 388.13 54.549 609.37 164.01 609.98 50.075 0.05 0.05 0.050019 0.050013 0.14721 0.13239 0.10567 323
1.6891 0.84863 1.0212 1.5083 0.89787 1.1658 24788 33319 24487 28236 22118 388.19 54.596 609.36 164.03 609.26 50.084 0.05 0.05 0.050019 0.050013 0.14713 0.13238 0.10559 324
1.6891 0.84863 1.0212 1.5083 0.89787 1.1658 24788 33319 24487 28236 22118 388.19 54.596 609.36 164.03 609.26 50.084 0.05 0.05 0.050019 0.050013 0.14713 0.13238 0.10559 325
1.6891 0.84863 1.0212 1.5083 0.89787 1.1658 24788 33319 24487 28236 22118 388.19 54.596 609.36 164.03 609.26 50.084 0.05 0.05 0.050019 0.050013 0.14713 0.13238 0.10559 326
1.6891 0.84863 1.0212 1.5083 0.89787 1.1658 24788 33319 24487 28236 22118 388.19 54.596 609.36 164.03 609.26 50.084 0.05 0.05 0.050019 0.050013 0.14713 0.13238 0.10559 327
1.6891 0.84863 1.0212 1.5083 0.89787 1.1658 24788 33319 24487 28236 22118 388.19 54.596 609.36 164.03 609.26 50.084 0.05 0.05 0.050019 0.050013 0.14713 0.13238 0.10559 328
1.6891 0.84863 1.0212 1.5083 0.89787 1.1658 24788 33319 24487 28236 22118 388.19 54.596 609.36 164.03 609.26 50.084 0.05 0.05 0.050019 0.050013 0.14713 0.13238 0.10559 329
1.6891 0.84863 1.0212 1.5083 0.89787 1.1658 24788 33319 24487 28236 22118 388.19 54.596 609.36 164.03 609.26 50.084 0.05 0.05 0.050019 0.050013 0.14713 0.13238 0.10559 330
1.6891 0.84863 1.0212 1.5083 0.89777 1.1658 24789 33322 24486 28237 22119 388.19 54.596 609.36 164.03 609.25 50.085 0.05 0.05 0.05002 0.050013 0.14713 0.13236 0.10555 331
1.6891 0.84863 1.0212 1.5083 0.89779 1.1658 24789 33322 24485 28237 22119 388.19 54.596 609.36 164.03 609.25 50.084 0.05 0.05 0.05002 0.050013 0.14713 0.13236 0.10555 332
1.6891 0.84863 1.0212 1.5083 0.89779 1.1658 24789 33322 24485 28237 22119 388.19 54.596 609.36 164.03 609.25 50.084 0.05 0.05 0.05002 0.050013 0.14713 0.13236 0.10555 333
1.6891 0.84863 1.0212 1.5083 0.89787 1.1657 24791 33318 24482 28237 22119 388.19 54.598 609.36 164.03 609.25 50.085 0.05 0.05 0.050017 0.050013 0.14711 0.13237 0.10554 334
1.6891 0.84863 1.0212 1.5083 0.89791 1.1658 24772 33321 24466 28262 22115 388.22 54.584 609.37 164.02 609.27 50.051 0.05 0.05 0.050008 0.050013 0.14662 0.13241 0.10543 335
1.6891 0.84863 1.0212 1.5083 0.89791 1.1658 24772 33321 24466 28262 22115 388.22 54.584 609.37 164.02 609.27 50.051 0.05 0.05 0.050008 0.050013 0.14662 0.13241 0.10543 336
1.6891 0.84862 1.0212 1.5083 0.89786 1.1659 24782 33320 24463 28257 22117 388.21 54.596 609.37 164.03 609.24 50.082 0.05 0.05 0.050017 0.050013 0.14668 0.13239 0.10533 337
1.6891 0.84862 1.0212 1.5083 0.89797 1.1659 24770 33321 24471 28272 22117 388.22 54.594 609.37 164.02 609.26 50.079 0.05 0.050005 0.050017 0.050013 0.14666 0.1324 0.10526 338
1.6891 0.84862 1.0211 1.5083 0.89795 1.1659 24768 33320 24468 28278 22117 388.22 54.596 609.37 164.02 609.23 50.088 0.05 0.050003 0.050018 0.050013 0.14667 0.13239 0.10524 339
1.6891 0.84862 1.0211 1.5083 0.89797 1.1659 24769 33320 24465 28273 22117 388.21 54.598 609.37 164.02 609.26 50.08 0.05 0.050002 0.050012 0.050013 0.14665 0.13239 0.10522 340
1.6891 0.84862 1.0211 1.5083 0.89795 1.1659 24770 33321 24470 28279 22117 388.21 54.596 609.37 164.02 609.28 50.086 0.05 0.050003 0.050014 0.050013 0.14664 0.13239 0.10518 341
1.6891 0.84862 1.0211 1.5083 0.89791 1.1657 24775 33321 24468 28304 22118 388.25 54.591 609.37 164.03 609.26 50.041 0.05 0.050016 0.05002 0.050012 0.14671 0.13239 0.10513 342
1.6891 0.84862 1.0211 1.5083 0.89797 1.1659 24776 33322 24466 28276 22116 388.21 54.601 609.36 164.02 609.26 50.093 0.05 0.050003 0.050015 0.050013 0.14662 0.13239 0.10509 343
1.6891 0.84862 1.0211 1.5083 0.89797 1.1659 24775 33321 24464 28277 22116 388.21 54.6 609.36 164.02 609.26 50.094 0.05 0.050004 0.050014 0.050013 0.14662 0.13239 0.105 344
1.6891 0.84863 1.021 1.5083 0.89793 1.1658 24768 33323 24467 28287 22116 388.22 54.605 609.37 164.02 609.29 50.078 0.05 0.05 0.050012 0.050013 0.14672 0.13239 0.10469 345
1.6891 0.84862 1.021 1.5083 0.89796 1.1659 24769 33322 24466 28276 22116 388.21 54.602 609.36 164.02 609.29 50.095 0.050001 0.05 0.050002 0.050013 0.14674 0.13235 0.10445 346
1.6891 0.84862 1.021 1.5083 0.89796 1.1659 24769 33322 24466 28276 22116 388.21 54.602 609.36 164.02 609.29 50.095 0.050001 0.05 0.050002 0.050013 0.14674 0.13235 0.10445 347
1.6891 0.84862 1.021 1.5083 0.89796 1.1659 24769 33322 24466 28276 22116 388.21 54.602 609.36 164.02 609.29 50.095 0.050001 0.05 0.050002 0.050013 0.14674 0.13235 0.10445 348
1.689 0.84862 1.021 1.5083 0.89795 1.1659 24758 33318 24465 28263 22114 388.25 54.604 609.36 164.05 609.32 50.097 0.050001 0.05 0.050003 0.050013 0.14672 0.13234 0.10437 349
1.689 0.84862 1.021 1.5083 0.89795 1.1659 24758 33318 24465 28263 22114 388.25 54.604 609.36 164.05 609.32 50.097 0.050001 0.05 0.050003 0.050013 0.14672 0.13234 0.10437 350
1.689 0.84862 1.021 1.5083 0.89795 1.1659 24758 33318 24465 28263 22114 388.25 54.604 609.36 164.05 609.32 50.097 0.050001 0.05 0.050003 0.050013 0.14672 0.13234 0.10437 351
1.689 0.84862 1.021 1.5083 0.89795 1.1659 24758 33318 24465 28263 22114 388.25 54.604 609.36 164.05 609.32 50.097 0.050001 0.05 0.050003 0.050013 0.14672 0.13234 0.10437 352
1.689 0.84862 1.021 1.5083 0.89798 1.1661 24760 33312 24465 28248 22113 388.24 54.604 609.36 164.08 609.33 50.085 0.050001 0.05 0.050002 0.050013 0.14693 0.13236 0.10437 353
1.689 0.84862 1.021 1.5083 0.89798 1.1661 24760 33312 24465 28248 22113 388.24 54.604 609.36 164.08 609.33 50.085 0.050001 0.05 0.050002 0.050013 0.14693 0.13236 0.10437 354
1.689 0.84862 1.021 1.5083 0.89798 1.1661 24760 33312 24465 28248 22113 388.24 54.604 609.36 164.08 609.33 50.085 0.050001 0.05 0.050002 0.050013 0.14693 0.13236 0.10437 355
1.689 0.84862 1.021 1.5083 0.89798 1.1661 24760 33312 24465 28248 22113 388.24 54.604 609.36 164.08 609.33 50.085 0.050001 0.05 0.050002 0.050013 0.14693 0.13236 0.10437 356
1.689 0.84862 1.021 1.5083 0.89798 1.1661 24760 33312 24465 28248 22113 388.24 54.604 609.36 164.08 609.33 50.085 0.050001 0.05 0.050002 0.050013 0.14693 0.13236 0.10437 357
1.689 0.84862 1.021 1.5083 0.89798 1.1661 24760 33312 24465 28248 22113 388.24 54.604 609.36 164.08 609.33 50.085 0.050001 0.05 0.050002 0.050013 0.14693 0.13236 0.10437 358
1.689 0.84862 1.021 1.5083 0.89798 1.1661 24760 33312 24465 28248 22113 388.24 54.604 609.36 164.08 609.33 50.085 0.050001 0.05 0.050002 0.050013 0.14693 0.13236 0.10437 359
1.689 0.84862 1.021 1.5083 0.89823 1.1661 24751 33317 24457 28340 22112 388.25 54.602 609.37 164.06 609.42 50.103 0.050001 0.05 0.050008 0.050013 0.14652 0.1323 0.1043 360
1.689 0.84862 1.021 1.5083 0.89825 1.1661 24749 33317 24457 28350 22111 388.26 54.602 609.37 164.05 609.44 50.102 0.050001 0.05 0.050009 0.050013 0.14649 0.13228 0.10425 361
1.689 0.84862 1.021 1.5083 0.89826 1.1661 24749 33317 24457 28351 22111 388.26 54.602 609.37 164.05 609.44 50.102 0.050001 0.05 0.050009 0.050013 0.14649 0.13228 0.10424 362
1.6891 0.84861 1.0211 1.5083 0.89821 1.166 24762 33316 24453 28372 22116 388.29 54.608 609.37 164.02 609.44 50.108 0.050001 0.050002 0.050013 0.050013 0.14653 0.13233 0.10421 363
1.6891 0.84861 1.0211 1.5083 0.89821 1.166 24762 33316 24453 28372 22116 388.29 54.608 609.37 164.02 609.44 50.108 0.050001 0.050002 0.050013 0.050013 0.14653 0.13233 0.10421 364
1.6891 0.84861 1.0211 1.5083 0.89824 1.166 24760 33315 24450 28375 22116 388.29 54.608 609.37 164.02 609.44 50.092 0.050001 0.050003 0.050012 0.050013 0.14649 0.13234 0.10419 365
1.6891 0.84861 1.0211 1.5083 0.89824 1.166 24760 33315 24450 28375 22116 388.29 54.608 609.37 164.02 609.44 50.092 0.050001 0.050003 0.050012 0.050013 0.14649 0.13234 0.10419 366
1.6891 0.84861 1.0211 1.5083 0.89824 1.166 24760 33315 24450 28375 22116 388.29 54.608 609.37 164.02 609.44 50.092 0.050001 0.050003 0.050012 0.050013 0.14649 0.13234 0.10419 367
1.6891 0.84861 1.0211 1.5083 0.89824 1.166 24760 33315 24450 28375 22116 388.29 54.608 609.37 164.02 609.44 50.092 0.050001 0.050003 0.050012 0.050013 0.14649 0.13234 0.10419 368
1.6891 0.84861 1.0211 1.5083 0.89826 1.166 24757 33315 24448 28381 22116 388.3 54.607 609.37 164.02 609.44 50.092 0.050001 0.050002 0.050012 0.050013 0.14647 0.13234 0.10419 369
1.6891 0.84861 1.0211 1.5083 0.89826 1.1661 24753 33315 24448 28383 22115 388.3 54.606 609.37 164.02 609.43 50.091 0.050001 0.05 0.050012 0.050013 0.14646 0.13231 0.10417 370
1.6891 0.84861 1.0211 1.5083 0.89826 1.1661 24753 33315 24448 28383 22115 388.3 54.606 609.37 164.02 609.43 50.091 0.050001 0.05 0.050012 0.050013 0.14646 0.13231 0.10417 371
1.6891 0.84861 1.0211 1.5083 0.89828 1.1661 24757 33315 24447 28389 22115 388.3 54.606 609.37 164.02 609.43 50.091 0.050001 0.050002 0.050012 0.050012 0.14647 0.13232 0.10416 372
1.6891 0.84861 1.0211 1.5083 0.89829 1.1661 24757 33315 24447 28392 22115 388.3 54.606 609.37 164.02 609.43 50.092 0.050001 0.050001 0.050012 0.050012 0.14646 0.13231 0.10416 373
1.6891 0.84861 1.0211 1.5083 0.8983 1.1661 24757 33315 24447 28392 22115 388.3 54.606 609.37 164.02 609.43 50.092 0.050001 0.050001 0.050012 0.050012 0.14646 0.13231 0.10416 374
1.6891 0.84861 1.0211 1.5083 0.89828 1.1661 24754 33314 24446 28392 22113 388.29 54.605 609.37 164.03 609.43 50.089 0.050001 0.050003 0.050012 0.050013 0.14647 0.13232 0.10415 375
1.6891 0.84861 1.0211 1.5083 0.89828 1.1661 24753 33314 24445 28388 22115 388.3 54.605 609.37 164.02 609.43 50.09 0.050001 0.050002 0.050012 0.050013 0.14647 0.13232 0.10415 376
1.6892 0.84861 1.0211 1.5083 0.89828 1.1661 24749 33315 24448 28391 22114 388.3 54.605 609.37 164.03 609.43 50.089 0.050001 0.050001 0.050013 0.050013 0.14646 0.1323 0.10414 377
1.6892 0.84861 1.0211 1.5083 0.89828 1.1661 24749 33315 24447 28392 22114 388.3 54.605 609.37 164.03 609.43 50.089 0.050001 0.050001 0.050014 0.050013 0.14646 0.13231 0.10413 378
1.6892 0.84861 1.0211 1.5083 0.89829 1.1661 24743 33314 24447 28397 22115 388.29 54.602 609.37 164.02 609.43 50.088 0.050001 0.050001 0.050013 0.050012 0.14643 0.13229 0.10413 379
1.6893 0.84861 1.0211 1.5083 0.89829 1.1661 24743 33315 24446 28398 22114 388.29 54.601 609.37 164.02 609.43 50.089 0.050001 0.050001 0.050014 0.050012 0.14644 0.13227 0.10412 380
1.6894 0.84861 1.0211 1.5083 0.8983 1.1661 24744 33315 24447 28409 22114 388.29 54.598 609.37 164.02 609.43 50.089 0.050001 0.050002 0.050015 0.050012 0.14646 0.13229 0.10411 381
1.6893 0.84861 1.0211 1.5083 0.89833 1.166 24729 33314 24449 28416 22114 388.28 54.6 609.37 164.02 609.45 50.088 0.050001 0.050002 0.050016 0.050011 0.14641 0.13221 0.10409 382
1.6893 0.84861 1.0211 1.5083 0.89832 1.1661 24752 33316 24443 28404 22111 388.29 54.596 609.37 164.02 609.43 50.095 0.050001 0.05 0.050013 0.050012 0.14644 0.1322 0.10409 383
1.6894 0.84861 1.0211 1.5083 0.89833 1.1661 24750 33317 24441 28416 22109 388.29 54.594 609.37 164.03 609.41 50.095 0.050001 0.05 0.050017 0.050012 0.14645 0.13218 0.10406 384
1.6894 0.84861 1.0211 1.5083 0.89833 1.1661 24750 33317 24441 28416 22109 388.29 54.594 609.37 164.03 609.41 50.095 0.050001 0.05 0.050017 0.050012 0.14645 0.13218 0.10406 385
1.6894 0.84861 1.0211 1.5083 0.89833 1.1661 24750 33317 24441 28416 22109 388.29 54.594 609.37 164.03 609.41 50.095 0.050001 0.05 0.050017 0.050012 0.14645 0.13218 0.10406 386
1.6894 0.84861 1.0211 1.5083 0.89833 1.1661 24750 33317 24441 28416 22109 388.29 54.594 609.37 164.03 609.41 50.095 0.050001 0.05 0.050017 0.050012 0.14645 0.13218 0.10406 387
1.6894 0.84861 1.0211 1.5083 0.89833 1.1661 24750 33317 24441 28416 22109 388.29 54.594 609.37 164.03 609.41 50.095 0.050001 0.05 0.050017 0.050012 0.14645 0.13218 0.10406 388
1.6894 0.84861 1.0211 1.5083 0.89833 1.1661 24750 33317 24441 28416 22109 388.29 54.594 609.37 164.03 609.41 50.095 0.050001 0.05 0.050017 0.050012 0.14645 0.13218 0.10406 389
1.6894 0.84861 1.0211 1.5083 0.89833 1.1661 24750 33317 24441 28416 22109 388.29 54.594 609.37 164.03 609.41 50.095 0.050001 0.05 0.050017 0.050012 0.14645 0.13218 0.10406 390
1.6894 0.84861 1.0211 1.5083 0.89833 1.1661 24750 33317 24441 28416 22109 388.29 54.594 609.37 164.03 609.41 50.095 0.050001 0.05 0.050017 0.050012 0.14645 0.13218 0.10406 391
1.6894 0.84861 1.0211 1.5083 0.89833 1.1661 24750 33317 24441 28416 22109 388.29 54.594 609.37 164.03 609.41 50.095 0.050001 0.05 0.050017 0.050012 0.14645 0.13218 0.10406 392
1.6894 0.84861 1.0211 1.5083 0.89833 1.1661 24750 33317 24441 28416 22109 388.29 54.594 609.37 164.03 609.41 50.095 0.050001 0.05 0.050017 0.050012 0.14645 0.13218 0.10406 393
1.6894 0.84861 1.0211 1.5083 0.8984 1.1661 24754 33317 24442 28418 22112 388.29 54.597 609.37 164.02 609.42 50.092 0.050001 0.050002 0.050015 0.050012 0.14645 0.13219 0.10406 394
1.6894 0.84861 1.0211 1.5083 0.89839 1.1661 24754 33317 24441 28419 22112 388.29 54.596 609.37 164.02 609.42 50.091 0.050001 0.050002 0.050015 0.050012 0.14645 0.13219 0.10405 395
1.6894 0.84861 1.0211 1.5083 0.89839 1.1661 24754 33317 24441 28419 22112 388.29 54.596 609.37 164.02 609.42 50.091 0.050001 0.050002 0.050015 0.050012 0.14645 0.13219 0.10405 396
1.6895 0.84861 1.0211 1.5083 0.89839 1.1662 24751 33317 24441 28422 22111 388.29 54.597 609.37 164.03 609.42 50.088 0.050001 0.050001 0.050015 0.050013 0.14644 0.13216 0.10404 397
1.6895 0.84861 1.0211 1.5083 0.8984 1.1662 24751 33317 24442 28422 22111 388.29 54.598 609.37 164.03 609.42 50.087 0.050001 0.050002 0.050014 0.050013 0.14644 0.13216 0.10403 398
1.6895 0.84861 1.0211 1.5083 0.8984 1.1662 24751 33317 24442 28422 22111 388.29 54.598 609.37 164.03 609.42 50.087 0.050001 0.050002 0.050014 0.050013 0.14644 0.13216 0.10403 399
1.6895 0.84861 1.0211 1.5083 0.8984 1.1662 24751 33317 24442 28422 22111 388.29 54.598 609.37 164.03 609.42 50.087 0.050001 0.050002 0.050014 0.050013 0.14644 0.13216 0.10403 400
1.6894 0.84861 1.0211 1.5083 0.89839 1.1662 24746 33317 24441 28429 22110 388.29 54.597 609.37 164.02 609.43 50.087 0.050001 0.050002 0.050014 0.050013 0.14643 0.13212 0.10403 401
1.6894 0.84861 1.0211 1.5083 0.89839 1.1662 24746 33317 24441 28429 22110 388.29 54.597 609.37 164.02 609.43 50.087 0.050001 0.050002 0.050014 0.050013 0.14643 0.13212 0.10403 402
1.6895 0.84861 1.0211 1.5083 0.89839 1.1662 24746 33317 24440 28427 22110 388.29 54.596 609.37 164.02 609.42 50.087 0.050001 0.050001 0.050015 0.050013 0.14643 0.13214 0.10402 403
1.6895 0.84861 1.0211 1.5083 0.89839 1.1662 24746 33317 24441 28431 22110 388.29 54.597 609.37 164.02 609.43 50.087 0.050001 0.050002 0.050012 0.050013 0.14644 0.13213 0.10402 404
1.6895 0.84861 1.0211 1.5083 0.89839 1.1662 24745 33318 24441 28431 22110 388.29 54.597 609.37 164.02 609.43 50.087 0.050001 0.050002 0.050012 0.050013 0.14644 0.13212 0.10402 405
1.6895 0.84861 1.0211 1.5083 0.8984 1.1661 24746 33318 24442 28432 22110 388.29 54.597 609.37 164.02 609.43 50.087 0.050001 0.050002 0.050012 0.050013 0.14644 0.13212 0.10402 406
1.6895 0.84861 1.0211 1.5083 0.8984 1.1662 24746 33318 24440 28433 22109 388.29 54.598 609.37 164.02 609.43 50.087 0.050001 0.050002 0.050011 0.050013 0.14645 0.13212 0.10401 407
1.6895 0.84861 1.0211 1.5083 0.89841 1.1661 24744 33318 24441 28436 22110 388.29 54.598 609.37 164.03 609.43 50.087 0.050001 0.050002 0.050012 0.050013 0.14644 0.13211 0.10401 408
1.6895 0.84861 1.0211 1.5083 0.8984 1.1661 24743 33318 24441 28439 22110 388.29 54.597 609.37 164.02 609.43 50.087 0.050001 0.050002 0.050011 0.050013 0.14645 0.1321 0.104 409
1.6896 0.84861 1.0211 1.5083 0.89837 1.1661 24745 33318 24441 28440 22105 388.29 54.597 609.37 164.02 609.43 50.087 0.050001 0.050002 0.050012 0.050013 0.14645 0.1321 0.104 410
1.6896 0.84861 1.0211 1.5083 0.89842 1.1661 24745 33318 24442 28446 22108 388.29 54.598 609.37 164.02 609.44 50.088 0.050001 0.050005 0.050011 0.050013 0.14644 0.1321 0.10399 411
1.6896 0.84861 1.0211 1.5083 0.89843 1.1661 24742 33318 24441 28455 22105 388.29 54.597 609.37 164.02 609.43 50.088 0.050001 0.050004 0.05001 0.050013 0.14645 0.13208 0.10398 412
1.6897 0.84861 1.0211 1.5083 0.89839 1.1661 24746 33318 24442 28458 22102 388.29 54.597 609.37 164.02 609.44 50.085 0.050001 0.050002 0.05001 0.050013 0.14645 0.13207 0.10397 413
1.6898 0.84861 1.0211 1.5083 0.89836 1.1661 24742 33317 24444 28474 22093 388.29 54.595 609.37 164.02 609.45 50.088 0.050001 0.050004 0.050013 0.050013 0.14647 0.13202 0.10395 414
1.6898 0.84861 1.0211 1.5083 0.89836 1.1661 24742 33317 24444 28474 22093 388.29 54.595 609.37 164.02 609.45 50.088 0.050001 0.050004 0.050013 0.050013 0.14647 0.13202 0.10395 415
1.6898 0.84861 1.0211 1.5083 0.89836 1.1661 24742 33317 24444 28474 22093 388.29 54.595 609.37 164.02 609.45 50.088 0.050001 0.050004 0.050013 0.050013 0.14647 0.13202 0.10395 416
1.6898 0.84861 1.0211 1.5083 0.89836 1.1661 24742 33317 24444 28474 22093 388.29 54.595 609.37 164.02 609.45 50.088 0.050001 0.050004 0.050013 0.050013 0.14647 0.13202 0.10395 417
1.6898 0.84861 1.0211 1.5083 0.89836 1.1661 24742 33317 24444 28474 22093 388.29 54.595 609.37 164.02 609.45 50.088 0.050001 0.050004 0.050013 0.050013 0.14647 0.13202 0.10395 418
1.6898 0.84861 1.0211 1.5083 0.89836 1.1661 24742 33317 24444 28474 22093 388.29 54.595 609.37 164.02 609.45 50.088 0.050001 0.050004 0.050013 0.050013 0.14647 0.13202 0.10395 419
1.6898 0.84861 1.0211 1.5083 0.89836 1.1661 24742 33317 24444 28474 22093 388.29 54.595 609.37 164.02 609.45 50.088 0.050001 0.050004 0.050013 0.050013 0.14647 0.13202 0.10395 420
1.6898 0.84861 1.0211 1.5083 0.89836 1.1661 24742 33317 24444 28474 22093 388.29 54.595 609.37 164.02 609.45 50.088 0.050001 0.050004 0.050013 0.050013 0.14647 0.13202 0.10395 421
1.6898 0.84861 1.0211 1.5083 0.89836 1.1661 24742 33317 24444 28474 22093 388.29 54.595 609.37 164.02 609.45 50.088 0.050001 0.050004 0.050013 0.050013 0.14647 0.13202 0.10395 422
1.6898 0.84861 1.0211 1.5083 0.89836 1.1661 24742 33317 24444 28474 22093 388.29 54.595 609.37 164.02 609.45 50.088 0.050001 0.050004 0.050013 0.050013 0.14647 0.13202 0.10395 423
1.6898 0.84861 1.0211 1.5083 0.89839 1.1661 24753 33317 24443 28473 22093 388.29 54.595 609.37 164.02 609.45 50.083 0.050001 0.050004 0.050006 0.050013 0.14648 0.13202 0.10394 424
1.6898 0.84861 1.0211 1.5083 0.89839 1.1661 24753 33317 24442 28474 22093 388.29 54.595 609.37 164.02 609.45 50.082 0.050001 0.050004 0.050005 0.050013 0.14648 0.13201 0.10394 425
1.6898 0.84861 1.0211 1.5083 0.89839 1.1661 24751 33317 24443 28474 22093 388.29 54.594 609.37 164.02 609.45 50.082 0.050001 0.050004 0.050004 0.050013 0.14648 0.13201 0.10394 426
1.6897 0.84861 1.0211 1.5083 0.89842 1.1662 24739 33319 24443 28477 22098 388.29 54.595 609.37 164.02 609.45 50.087 0.050001 0.050003 0.050009 0.050013 0.14646 0.132 0.10393 427
1.6897 0.84861 1.0211 1.5083 0.89842 1.1662 24739 33319 24443 28479 22098 388.29 54.595 609.37 164.02 609.45 50.087 0.050001 0.050003 0.050009 0.050013 0.14646 0.132 0.10392 428
1.6898 0.84861 1.0211 1.5083 0.8984 1.1662 24740 33319 24442 28477 22094 388.29 54.595 609.37 164.02 609.44 50.088 0.050001 0.050003 0.050007 0.050013 0.14647 0.13199 0.10392 429
1.6898 0.84861 1.0211 1.5083 0.89842 1.1662 24744 33319 24442 28479 22094 388.29 54.596 609.37 164.02 609.44 50.088 0.050001 0.050002 0.050007 0.050013 0.14647 0.13198 0.10391 430
1.6898 0.84861 1.0211 1.5083 0.89842 1.1662 24744 33319 24442 28480 22094 388.29 54.596 609.37 164.02 609.44 50.089 0.05 0.050002 0.050006 0.050013 0.14647 0.13198 0.10391 431
1.6898 0.84861 1.0211 1.5083 0.89841 1.1662 24742 33319 24442 28480 22094 388.29 54.596 609.37 164.02 609.44 50.088 0.050001 0.050002 0.050006 0.050013 0.14647 0.13197 0.10391 432
1.6898 0.84861 1.0211 1.5083 0.89842 1.1662 24742 33321 24443 28481 22095 388.29 54.596 609.37 164.02 609.44 50.089 0.05 0.050003 0.050006 0.050013 0.14647 0.13197 0.10391 433
1.6898 0.84861 1.0211 1.5083 0.89842 1.1662 24744 33320 24441 28480 22094 388.29 54.597 609.37 164.02 609.44 50.087 0.05 0.050001 0.050003 0.050013 0.14647 0.13196 0.10391 434
1.6898 0.84861 1.0211 1.5083 0.89843 1.1662 24742 33319 24442 28482 22092 388.29 54.596 609.37 164.03 609.44 50.091 0.05 0.05 0.050004 0.050013 0.14647 0.13194 0.1039 435
1.6899 0.84861 1.0211 1.5083 0.89843 1.1662 24747 33321 24442 28490 22090 388.29 54.597 609.37 164.02 609.44 50.085 0.05 0.05 0.050003 0.050013 0.14647 0.13195 0.1039 436
1.69 0.84861 1.0211 1.5083 0.89846 1.1662 24746 33324 24441 28490 22093 388.29 54.596 609.37 164.02 609.45 50.091 0.05 0.050001 0.050003 0.050014 0.14642 0.1319 0.10389 437
1.6899 0.84861 1.0211 1.5083 0.89847 1.1662 24739 33321 24442 28492 22089 388.29 54.596 609.37 164.02 609.44 50.081 0.05 0.050001 0.050012 0.050014 0.1464 0.13195 0.10389 438
1.6899 0.84861 1.0211 1.5083 0.89847 1.1662 24739 33321 24442 28492 22089 388.29 54.596 609.37 164.02 609.44 50.081 0.05 0.050001 0.050012 0.050014 0.1464 0.13195 0.10389 439
1.6899 0.84861 1.0211 1.5083 0.89847 1.1662 24739 33321 24442 28492 22089 388.29 54.596 609.37 164.02 609.44 50.081 0.05 0.050001 0.050012 0.050014 0.1464 0.13195 0.10389 440
1.6897 0.84861 1.0211 1.5083 0.89857 1.1664 24735 33319 24436 28477 22104 388.29 54.596 609.37 164.03 609.57 50.066 0.050001 0.050007 0.05 0.050014 0.14639 0.13188 0.10387 441
1.6897 0.84861 1.0211 1.5083 0.89857 1.1664 24735 33319 24436 28477 22104 388.29 54.596 609.37 164.03 609.57 50.066 0.050001 0.050007 0.05 0.050014 0.14639 0.13188 0.10387 442
1.6897 0.84861 1.0211 1.5083 0.89857 1.1664 24735 33319 24436 28477 22104 388.29 54.596 609.37 164.03 609.57 50.066 0.050001 0.050007 0.05 0.050014 0.14639 0.13188 0.10387 443
1.6897 0.84861 1.0211 1.5083 0.89857 1.1664 24735 33319 24436 28477 22104 388.29 54.596 609.37 164.03 609.57 50.066 0.050001 0.050007 0.05 0.050014 0.14639 0.13188 0.10387 444
1.6897 0.84861 1.0211 1.5083 0.89857 1.1664 24735 33319 24436 28477 22104 388.29 54.596 609.37 164.03 609.57 50.066 0.050001 0.050007 0.05 0.050014 0.14639 0.13188 0.10387 445
1.6897 0.84861 1.0211 1.5083 0.89857 1.1664 24735 33319 24436 28477 22104 388.29 54.596 609.37 164.03 609.57 50.066 0.050001 0.050007 0.05 0.050014 0.14639 0.13188 0.10387 446
1.6897 0.84861 1.0211 1.5083 0.89857 1.1664 24735 33319 24436 28477 22104 388.29 54.596 609.37 164.03 609.57 50.066 0.050001 0.050007 0.05 0.050014 0.14639 0.13188 0.10387 447
1.6897 0.84861 1.0211 1.5083 0.89857 1.1664 24735 33319 24436 28477 22104 388.29 54.596 609.37 164.03 609.57 50.066 0.050001 0.050007 0.05 0.050014 0.14639 0.13188 0.10387 448
1.6897 0.84861 1.0211 1.5083 0.89857 1.1664 24735 33319 24436 28477 22104 388.29 54.596 609.37 164.03 609.57 50.066 0.050001 0.050007 0.05 0.050014 0.14639 0.13188 0.10387 449
1.6898 0.84861 1.0211 1.5083 0.89857 1.1663 24740 33319 24439 28492 22101 388.29 54.597 609.37 164.03 609.57 50.068 0.050001 0.050006 0.05 0.050013 0.14641 0.13189 0.10387 450
1.6898 0.84861 1.0211 1.5083 0.89845 1.1663 24748 33320 24439 28499 22077 388.29 54.596 609.37 164.02 609.42 50.074 0.050001 0.05 0.050002 0.050014 0.14641 0.13193 0.10386 451
1.6898 0.84861 1.0211 1.5083 0.89857 1.1663 24740 33319 24439 28492 22102 388.29 54.597 609.37 164.03 609.57 50.069 0.050001 0.050006 0.05 0.050013 0.14641 0.13189 0.10386 452
1.6898 0.84861 1.0211 1.5083 0.89857 1.1663 24740 33319 24439 28492 22102 388.29 54.597 609.37 164.03 609.57 50.069 0.050001 0.050006 0.05 0.050013 0.14641 0.13189 0.10386 453
1.6898 0.84861 1.0211 1.5083 0.89857 1.1664 24740 33319 24439 28492 22102 388.29 54.597 609.37 164.03 609.57 50.069 0.050001 0.050006 0.05 0.050013 0.14641 0.13189 0.10386 454
1.6898 0.84861 1.0211 1.5083 0.89857 1.1664 24740 33319 24439 28492 22102 388.29 54.597 609.37 164.03 609.57 50.069 0.050001 0.050006 0.05 0.050013 0.14641 0.13189 0.10386 455
1.6898 0.84861 1.021 1.5083 0.89858 1.1663 24738 33319 24442 28496 22103 388.29 54.597 609.37 164.03 609.57 50.071 0.050001 0.050006 0.05 0.050013 0.14642 0.13186 0.10386 456
1.6899 0.84861 1.0211 1.5083 0.89842 1.1663 24743 33321 24441 28511 22071 388.28 54.596 609.37 164.01 609.41 50.078 0.050001 0.05 0.050003 0.050014 0.14639 0.13193 0.10385 457
1.6899 0.84861 1.0211 1.5083 0.89842 1.1663 24743 33321 24441 28511 22071 388.28 54.596 609.37 164.01 609.41 50.078 0.050001 0.05 0.050003 0.050014 0.14639 0.13193 0.10385 458
1.6899 0.84861 1.0211 1.5083 0.89842 1.1663 24743 33321 24441 28511 22071 388.28 54.596 609.37 164.01 609.41 50.078 0.050001 0.05 0.050003 0.050014 0.14639 0.13193 0.10385 459
1.6899 0.84861 1.0211 1.5083 0.89842 1.1663 24743 33321 24441 28511 22071 388.28 54.596 609.37 164.01 609.41 50.078 0.050001 0.05 0.050003 0.050014 0.14639 0.13193 0.10385 460
1.6899 0.84861 1.0211 1.5083 0.89842 1.1663 24743 33321 24441 28511 22071 388.28 54.596 609.37 164.01 609.41 50.078 0.050001 0.05 0.050003 0.050014 0.14639 0.13193 0.10385 461
1.6898 0.84861 1.0211 1.5083 0.89837 1.1663 24737 33322 24442 28486 22077 388.29 54.596 609.36 164.03 609.45 50.074 0.050001 0.050003 0.050001 0.050013 0.14639 0.13186 0.10385 462
1.6898 0.84861 1.0211 1.5083 0.89841 1.1663 24738 33322 24442 28486 22079 388.29 54.596 609.37 164.04 609.45 50.076 0.050001 0.050004 0.05 0.050013 0.14639 0.13186 0.10384 463
1.6898 0.84861 1.0211 1.5083 0.89841 1.1663 24738 33322 24442 28486 22079 388.29 54.596 609.37 164.04 609.45 50.076 0.050001 0.050004 0.05 0.050013 0.14639 0.13186 0.10384 464
1.6898 0.84861 1.0211 1.5083 0.89841 1.1663 24738 33322 24442 28486 22079 388.29 54.596 609.37 164.04 609.45 50.076 0.050001 0.050004 0.05 0.050013 0.14639 0.13186 0.10384 465
1.6898 0.84861 1.0211 1.5083 0.89841 1.1663 24738 33322 24442 28486 22079 388.29 54.596 609.37 164.04 609.45 50.076 0.050001 0.050004 0.05 0.050013 0.14639 0.13186 0.10384 466
1.6898 0.84861 1.0211 1.5083 0.89841 1.1663 24738 33322 24442 28486 22079 388.29 54.596 609.37 164.04 609.45 50.076 0.050001 0.050004 0.05 0.050013 0.14639 0.13186 0.10384 467
1.6898 0.84861 1.0211 1.5083 0.89841 1.1663 24738 33322 24442 28486 22079 388.29 54.596 609.37 164.04 609.45 50.076 0.050001 0.050004 0.05 0.050013 0.14639 0.13186 0.10384 468
1.6898 0.84861 1.0211 1.5083 0.89841 1.1663 24738 33322 24442 28486 22079 388.29 54.596 609.37 164.04 609.45 50.076 0.050001 0.050004 0.05 0.050013 0.14639 0.13186 0.10384 469
1.6898 0.84861 1.0211 1.5083 0.89841 1.1663 24738 33322 24442 28486 22079 388.29 54.596 609.37 164.04 609.45 50.076 0.050001 0.050004 0.05 0.050013 0.14639 0.13186 0.10384 470
1.6898 0.84861 1.0211 1.5083 0.89841 1.1663 24738 33322 24442 28486 22079 388.29 54.596 609.37 164.04 609.45 50.076 0.050001 0.050004 0.05 0.050013 0.14639 0.13186 0.10384 471
1.6898 0.84861 1.0211 1.5083 0.89841 1.1663 24738 33322 24442 28486 22079 388.29 54.596 609.37 164.04 609.45 50.076 0.050001 0.050004 0.05 0.050013 0.14639 0.13186 0.10384 472
1.6898 0.84861 1.0211 1.5083 0.89841 1.1663 24738 33322 24442 28486 22079 388.29 54.596 609.37 164.04 609.45 50.076 0.050001 0.050004 0.05 0.050013 0.14639 0.13186 0.10384 473
1.6898 0.84861 1.0211 1.5083 0.89841 1.1664 24740 33322 24446 28487 22079 388.29 54.596 609.37 164.04 609.5 50.072 0.050001 0.050004 0.05 0.050013 0.14639 0.13188 0.10384 474
1.6898 0.84861 1.0211 1.5083 0.89841 1.1664 24740 33322 24446 28487 22079 388.29 54.596 609.37 164.04 609.5 50.073 0.050001 0.050004 0.05 0.050013 0.14639 0.13188 0.10384 475
1.6898 0.84861 1.0211 1.5083 0.89841 1.1664 24740 33322 24446 28487 22079 388.29 54.596 609.37 164.04 609.5 50.073 0.050001 0.050004 0.05 0.050013 0.14639 0.13188 0.10384 476
1.6898 0.84861 1.021 1.5083 0.89844 1.1663 24739 33320 24439 28488 22076 388.29 54.596 609.37 164.04 609.43 50.075 0.050001 0.050002 0.050001 0.050014 0.14639 0.13185 0.10384 477
1.6898 0.84861 1.021 1.5083 0.89844 1.1663 24739 33320 24439 28488 22076 388.29 54.596 609.37 164.04 609.43 50.075 0.050001 0.050002 0.050001 0.050014 0.14639 0.13185 0.10384 478
1.6898 0.84861 1.021 1.5083 0.89844 1.1663 24739 33320 24439 28488 22077 388.29 54.596 609.37 164.03 609.44 50.075 0.050001 0.050002 0.050001 0.050014 0.14639 0.13185 0.10383 479
1.6898 0.84861 1.021 1.5083 0.89844 1.1663 24739 33320 24439 28488 22077 388.29 54.596 609.37 164.03 609.44 50.075 0.050001 0.050002 0.050001 0.050014 0.14639 0.13185 0.10383 480
1.6898 0.84861 1.0211 1.5083 0.89846 1.1665 24739 33320 24442 28487 22077 388.29 54.596 609.37 164.04 609.49 50.073 0.050001 0.050002 0.05 0.050013 0.14638 0.13187 0.10383 481
1.6898 0.84861 1.0211 1.5083 0.89848 1.1664 24739 33321 24439 28492 22077 388.29 54.596 609.37 164.03 609.46 50.068 0.050001 0.050003 0.05 0.050013 0.14638 0.13184 0.10382 482
1.6897 0.84861 1.021 1.5083 0.89846 1.1663 24740 33321 24439 28492 22077 388.29 54.596 609.37 164.03 609.46 50.072 0.050001 0.050003 0.05 0.050013 0.14638 0.13184 0.10382 483
1.6897 0.84861 1.0211 1.5083 0.89851 1.1666 24741 33322 24444 28493 22074 388.29 54.597 609.36 164.03 609.49 50.069 0.050001 0.050002 0.05 0.050014 0.14641 0.13186 0.10382 484
1.6897 0.84861 1.0211 1.5083 0.89851 1.1666 24741 33322 24444 28493 22074 388.29 54.597 609.36 164.03 609.49 50.069 0.050001 0.050002 0.05 0.050014 0.14641 0.13186 0.10382 485
1.6897 0.84861 1.021 1.5083 0.89852 1.1665 24741 33323 24440 28497 22075 388.29 54.596 609.36 164.03 609.47 50.063 0.050001 0.05 0.050001 0.050014 0.14642 0.13183 0.1038 486
1.6897 0.84861 1.021 1.5083 0.89854 1.1666 24741 33323 24441 28499 22076 388.29 54.596 609.36 164.03 609.48 50.064 0.050001 0.05 0.05 0.050013 0.14641 0.13183 0.10379 487
1.6897 0.84861 1.021 1.5083 0.89855 1.1666 24741 33323 24441 28500 22076 388.29 54.596 609.36 164.03 609.48 50.063 0.050001 0.05 0.05 0.050013 0.14641 0.13183 0.10379 488
1.6897 0.84861 1.021 1.5083 0.89855 1.1666 24741 33323 24441 28500 22076 388.29 54.596 609.36 164.03 609.48 50.062 0.050001 0.05 0.05 0.050013 0.14641 0.13183 0.10379 489
1.6897 0.84861 1.021 1.5083 0.89855 1.1666 24741 33323 24441 28500 22076 388.29 54.596 609.36 164.03 609.48 50.062 0.050001 0.05 0.05 0.050013 0.14641 0.13183 0.10379 490
1.6897 0.84861 1.021 1.5083 0.89855 1.1666 24742 33323 24439 28499 22075 388.29 54.596 609.37 164.04 609.48 50.062 0.050001 0.05 0.05 0.050013 0.14642 0.13183 0.10379 491
1.6897 0.84861 1.021 1.5083 0.89853 1.1667 24742 33324 24441 28502 22068 388.29 54.596 609.36 164.03 609.47 50.061 0.050002 0.050001 0.05 0.050013 0.14641 0.13181 0.10377 492
