0.78726 1.0606 0.76098 1.3719 1.4538 25002 26330 35014 29805 571.49 605.66 613.56 600.64 496.95 0.11603 0.14871 0.13086 0.1244 0.061662 0.43741 0
0.78726 1.0606 0.76098 1.3719 1.4538 25002 26330 35014 29805 571.49 605.66 613.56 600.64 496.95 0.11603 0.14871 0.13086 0.1244 0.061662 0.43741 0
0.78726 1.0606 0.76098 1.3719 1.4538 25002 26330 35014 29805 571.49 605.66 613.56 600.64 496.95 0.11603 0.14871 0.13086 0.1244 0.061662 0.43741 1
0.78726 1.0606 0.76098 1.3719 1.4538 25002 26330 35014 29805 571.49 605.66 613.56 600.64 496.95 0.11603 0.14871 0.13086 0.1244 0.061662 0.43741 2
0.78726 1.0606 0.76098 1.3719 1.4538 25002 26330 35014 29805 571.49 605.66 613.56 600.64 496.95 0.11603 0.14871 0.13086 0.1244 0.061662 0.43741 3
0.78726 1.0606 0.76098 1.3719 1.4538 25002 26330 35014 29805 571.49 605.66 613.56 600.64 496.95 0.11603 0.14871 0.13086 0.1244 0.061662 0.43741 4
0.78726 1.0606 0.76098 1.3719 1.4538 25002 26330 35014 29805 571.49 605.66 613.56 600.64 496.95 0.11603 0.14871 0.13086 0.1244 0.061662 0.43741 5
0.78726 1.0606 0.76098 1.3719 1.4538 25002 26330 35014 29805 571.49 605.66 613.56 600.64 496.95 0.11603 0.14871 0.13086 0.1244 0.061662 0.43741 6
0.86996 1.2704 1.0551 1.5269 1.4916 24237 26646 34182 22618 608.87 583.34 602.43 360.78 474.58 0.13804 0.1549 0.087033 0.12573 0.066111 0.42173 7
0.86996 1.2704 1.0551 1.5269 1.4916 24237 26646 34182 22618 608.87 583.34 602.43 360.78 474.58 0.13804 0.1549 0.087033 0.12573 0.066111 0.42173 8
0.86996 1.2704 1.0551 1.5269 1.4916 24237 26646 34182 22618 608.87 583.34 602.43 360.78 474.58 0.13804 0.1549 0.087033 0.12573 0.066111 0.42173 9
0.86996 1.2704 1.0551 1.5269 1.4916 24237 26646 34182 22618 608.87 583.34 602.43 360.78 474.58 0.13804 0.1549 0.087033 0.12573 0.066111 0.42173 10
0.79616 1.2699 0.85981 1.6153 1.3206 24424 25466 34845 24058 578.16 612.95 603.23 368.88 478.15 0.14994 0.14754 0.088087 0.1456 0.067148 0.38102 11
0.86993 1.1461 1.0563 1.5207 1.4887 24219 26859 34173 22634 608.76 582.72 601.77 406.7 488.77 0.13816 0.15449 0.088041 0.10725 0.067492 0.36764 12
0.86993 1.1461 1.0563 1.5207 1.4887 24219 26859 34173 22634 608.76 582.72 601.77 406.7 488.77 0.13816 0.15449 0.088041 0.10725 0.067492 0.36764 13
0.91687 1.09 0.92716 1.5229 1.5021 24126 27549 34091 27909 597.05 599.84 43.149 386.54 500.44 0.12625 0.16028 0.09715 0.10196 0.087518 0.32994 14
0.95187 1.0341 0.83242 1.5023 1.4845 22267 28387 33638 27431 602.32 598.26 167.54 391.87 496.31 0.13203 0.15857 0.09077 0.097491 0.086281 0.31969 15
0.95187 1.0341 0.83242 1.5023 1.4845 22267 28387 33638 27431 602.32 598.26 167.54 391.87 496.31 0.13203 0.15857 0.09077 0.097491 0.086281 0.31969 16
0.86416 1.11 0.89455 1.5043 1.4758 25942 26327 34135 22194 609.06 583.41 603.87 399.74 484.78 0.12585 0.16377 0.10271 0.097058 0.07359 0.30899 17
0.86227 1.1107 0.87811 1.5028 1.476 25879 26449 34161 22200 610.43 582.38 603.92 399.29 483.85 0.12413 0.16415 0.10216 0.097047 0.074161 0.30404 18
0.86227 1.1107 0.87811 1.5028 1.476 25879 26449 34161 22200 610.43 582.38 603.92 399.29 483.85 0.12413 0.16415 0.10216 0.097047 0.074161 0.30404 19
0.89903 1.0915 0.88065 1.5248 1.4831 24451 27529 33939 26446 611.24 616.67 617.03 393.88 502.05 0.086661 0.16328 0.073204 0.11924 0.087581 0.28775 20
0.84007 1.1208 0.90232 1.4972 1.4798 26761 26482 33936 21242 612 597.2 608.31 402.45 483.01 0.11607 0.16467 0.10345 0.10531 0.074381 0.27027 21
0.86666 1.119 0.86839 1.5088 1.4758 24186 27468 33639 25396 613.3 608.55 611.93 399.98 494.88 0.12197 0.16273 0.10231 0.11345 0.081759 0.2531 22
0.86175 1.1239 0.86767 1.5109 1.4771 24156 25961 33564 25350 612.22 611.32 610.42 414.08 489.5 0.12457 0.1573 0.10304 0.11459 0.081994 0.25011 23
0.85988 1.122 0.87108 1.515 1.4787 24883 26056 33487 23396 613.49 608.28 613.25 408.19 487.8 0.13128 0.14547 0.10845 0.099586 0.08324 0.24786 24
0.86073 1.1232 0.87117 1.515 1.4836 24202 26388 33592 23933 613.55 611.03 612.3 406.62 492.52 0.13591 0.15354 0.075885 0.10788 0.092596 0.24489 25
0.8699 1.1238 0.87538 1.5162 1.4877 25491 26668 33964 25122 608.77 608.77 610.65 406 490.68 0.12675 0.15266 0.096343 0.11992 0.08549 0.23058 26
0.8699 1.1238 0.87538 1.5162 1.4877 25491 26668 33964 25122 608.77 608.77 610.65 406 490.68 0.12675 0.15266 0.096343 0.11992 0.08549 0.23058 27
0.8699 1.1238 0.87538 1.5162 1.4877 25491 26668 33964 25122 608.77 608.77 610.65 406 490.68 0.12675 0.15266 0.096343 0.11992 0.08549 0.23058 28
0.8699 1.1238 0.87538 1.5162 1.4877 25491 26668 33964 25122 608.77 608.77 610.65 406 490.68 0.12675 0.15266 0.096343 0.11992 0.08549 0.23058 29
0.8829 1.1257 0.87507 1.5149 1.4919 27390 26825 34446 25918 605.92 609.73 607.22 399.74 490.09 0.11986 0.13343 0.099196 0.12462 0.081522 0.22906 30
0.8829 1.1257 0.87507 1.5149 1.4919 27390 26825 34446 25918 605.92 609.73 607.22 399.74 490.09 0.11986 0.13343 0.099196 0.12462 0.081522 0.22906 31
0.8829 1.1257 0.87507 1.5149 1.4919 27390 26825 34446 25918 605.92 609.73 607.22 399.74 490.09 0.11986 0.13343 0.099196 0.12462 0.081522 0.22906 32
0.8829 1.1257 0.87507 1.5149 1.4919 27390 26825 34446 25918 605.92 609.73 607.22 399.74 490.09 0.11986 0.13343 0.099196 0.12462 0.081522 0.22906 33
0.8829 1.1257 0.87507 1.5149 1.4919 27390 26825 34446 25918 605.92 609.73 607.22 399.74 490.09 0.11986 0.13343 0.099196 0.12462 0.081522 0.22906 34
0.8868 1.1316 0.86829 1.515 1.4901 27473 26799 34420 25825 608.99 608.75 607.55 399.75 490.42 0.12863 0.13505 0.10136 0.2 0.087145 0.22872 35
0.8868 1.1316 0.86829 1.515 1.4901 27473 26799 34420 25825 608.99 608.75 607.55 399.75 490.42 0.12863 0.13505 0.10136 0.2 0.087145 0.22872 36
0.88422 1.1326 0.8666 1.455 1.4884 28263 30590 34328 24319 612.3 608.67 611.65 384.06 486.48 0.13582 0.13314 0.10727 0.18852 0.089004 0.22314 37
0.87966 1.1392 0.86153 1.4696 1.5028 27857 31657 34226 26301 605.63 608.63 607.14 387.94 486.33 0.13262 0.13996 0.11321 0.17942 0.093722 0.22251 38
0.8835 1.1325 0.86809 1.4396 1.4884 28289 30550 34170 24212 612.39 608.91 607.79 384.33 486.5 0.13225 0.13146 0.10759 0.18466 0.087748 0.22006 39
0.8835 1.1325 0.86809 1.4396 1.4884 28289 30550 34170 24212 612.39 608.91 607.79 384.33 486.5 0.13225 0.13146 0.10759 0.18466 0.087748 0.22006 40
0.89928 1.1381 0.86792 1.4513 1.4908 27201 29942 35608 24677 612.35 608.88 604.95 387.08 484.96 0.13312 0.13023 0.10696 0.2 0.089011 0.21816 41
0.8807 1.1269 0.88542 1.4167 1.5107 28022 32522 33604 26984 612.16 606.47 608.97 387.26 487.62 0.13719 0.13908 0.093218 0.17031 0.091473 0.21426 42
0.88709 1.1316 0.88189 1.4089 1.4953 29180 32525 33552 28671 613.88 607.65 612.17 387.22 486.63 0.13657 0.12925 0.090956 0.17558 0.091042 0.20675 43
0.88709 1.1316 0.88189 1.4089 1.4953 29180 32525 33552 28671 613.88 607.65 612.17 387.22 486.63 0.13657 0.12925 0.090956 0.17558 0.091042 0.20675 44
0.88709 1.1316 0.88189 1.4089 1.4953 29180 32525 33552 28671 613.88 607.65 612.17 387.22 486.63 0.13657 0.12925 0.090956 0.17558 0.091042 0.20675 45
0.88709 1.1316 0.88189 1.4089 1.4953 29180 32525 33552 28671 613.88 607.65 612.17 387.22 486.63 0.13657 0.12925 0.090956 0.17558 0.091042 0.20675 46
0.88779 1.1347 0.87723 1.4152 1.502 26448 35138 34125 28009 613.46 607.01 611.52 390.2 487.35 0.14122 0.1242 0.088263 0.1801 0.089906 0.20628 47
0.88794 1.1362 0.87654 1.405 1.5037 27849 34417 33667 28605 611.61 609.05 612.59 387.3 489.44 0.1402 0.12209 0.088972 0.18694 0.090887 0.2037 48
0.88794 1.1362 0.87654 1.405 1.5037 27849 34417 33667 28605 611.61 609.05 612.59 387.3 489.44 0.1402 0.12209 0.088972 0.18694 0.090887 0.2037 49
0.88784 1.1302 0.8769 1.4136 1.503 26016 38215 33459 27692 612.87 609.23 608.53 388.78 489.64 0.16116 0.13064 0.089081 0.18104 0.091088 0.20212 50
0.88784 1.1302 0.8769 1.4136 1.503 26016 38215 33459 27692 612.87 609.23 608.53 388.78 489.64 0.16116 0.13064 0.089081 0.18104 0.091088 0.20212 51
0.89061 1.1345 0.87575 1.4138 1.4986 27131 36817 33557 27174 612.36 609.34 611.06 387.46 490.13 0.16508 0.12328 0.08797 0.17324 0.089933 0.20175 52
0.89384 1.134 0.87447 1.4008 1.4978 26997 37482 33520 27447 612.36 609.48 610.83 388.12 490.22 0.18064 0.12364 0.084492 0.17325 0.087782 0.20012 53
0.89384 1.134 0.87447 1.4008 1.4978 26997 37482 33520 27447 612.36 609.48 610.83 388.12 490.22 0.18064 0.12364 0.084492 0.17325 0.087782 0.20012 54
0.89411 1.1587 0.87725 1.3669 1.4954 27149 37332 32884 27585 612.16 614.77 609.84 386.54 490.52 0.14914 0.11453 0.083512 0.16456 0.087952 0.19785 55
0.89411 1.1587 0.87725 1.3669 1.4954 27149 37332 32884 27585 612.16 614.77 609.84 386.54 490.52 0.14914 0.11453 0.083512 0.16456 0.087952 0.19785 56
0.89627 1.1792 0.874 1.2852 1.4996 29727 38336 32084 25884 614.11 616.28 609.49 387.21 490.74 0.17384 0.11326 0.080297 0.17952 0.09173 0.19397 57
0.89627 1.1792 0.874 1.2852 1.4996 29727 38336 32084 25884 614.11 616.28 609.49 387.21 490.74 0.17384 0.11326 0.080297 0.17952 0.09173 0.19397 58
0.89627 1.1792 0.874 1.2852 1.4996 29727 38336 32084 25884 614.11 616.28 609.49 387.21 490.74 0.17384 0.11326 0.080297 0.17952 0.09173 0.19397 59
0.89627 1.1792 0.874 1.2852 1.4996 29727 38336 32084 25884 614.11 616.28 609.49 387.21 490.74 0.17384 0.11326 0.080297 0.17952 0.09173 0.19397 60
0.89627 1.1792 0.874 1.2852 1.4996 29727 38336 32084 25884 614.11 616.28 609.49 387.21 490.74 0.17384 0.11326 0.080297 0.17952 0.09173 0.19397 61
0.89627 1.1792 0.874 1.2852 1.4996 29727 38336 32084 25884 614.11 616.28 609.49 387.21 490.74 0.17384 0.11326 0.080297 0.17952 0.09173 0.19397 62
0.89627 1.1792 0.874 1.2852 1.4996 29727 38336 32084 25884 614.11 616.28 609.49 387.21 490.74 0.17384 0.11326 0.080297 0.17952 0.09173 0.19397 63
0.89627 1.1792 0.874 1.2852 1.4996 29727 38336 32084 25884 614.11 616.28 609.49 387.21 490.74 0.17384 0.11326 0.080297 0.17952 0.09173 0.19397 64
0.89627 1.1792 0.874 1.2852 1.4996 29727 38336 32084 25884 614.11 616.28 609.49 387.21 490.74 0.17384 0.11326 0.080297 0.17952 0.09173 0.19397 65
0.8957 1.1756 0.87566 1.3141 1.498 28572 37601 31946 26007 612.43 613.74 610.73 386.82 490.69 0.15378 0.11594 0.081026 0.17282 0.087708 0.19151 66
0.8957 1.1756 0.87566 1.3141 1.498 28572 37601 31946 26007 612.43 613.74 610.73 386.82 490.69 0.15378 0.11594 0.081026 0.17282 0.087708 0.19151 67
0.88301 1.1687 0.8755 1.2697 1.494 30210 37849 31926 25908 614.58 612.3 610.91 386.73 490.86 0.18634 0.11621 0.077697 0.16397 0.089356 0.18991 68
0.89598 1.1755 0.87575 1.3153 1.4974 29184 37236 31940 26374 612.89 615.64 610.22 386.81 490.61 0.15128 0.11414 0.083511 0.17252 0.08749 0.18899 69
0.89632 1.178 0.87748 1.281 1.4975 29278 37061 32376 26449 614.65 617.55 609.8 387.51 490.65 0.14351 0.10629 0.082348 0.17101 0.088748 0.18791 70
0.89632 1.178 0.87748 1.281 1.4975 29278 37061 32376 26449 614.65 617.55 609.8 387.51 490.65 0.14351 0.10629 0.082348 0.17101 0.088748 0.18791 71
0.89632 1.178 0.87748 1.281 1.4975 29278 37061 32376 26449 614.65 617.55 609.8 387.51 490.65 0.14351 0.10629 0.082348 0.17101 0.088748 0.18791 72
0.89503 1.1857 0.87307 1.2795 1.4967 29462 38310 32041 26628 617.04 613.97 610.69 387.1 491.96 0.15764 0.1082 0.081922 0.17551 0.087779 0.18626 73
0.89503 1.1857 0.87307 1.2795 1.4967 29462 38310 32041 26628 617.04 613.97 610.69 387.1 491.96 0.15764 0.1082 0.081922 0.17551 0.087779 0.18626 74
0.89912 1.1919 0.87348 1.2312 1.495 29332 38713 33117 27112 616.03 616.86 609.32 386.36 491.97 0.17011 0.11166 0.080939 0.17688 0.087171 0.18488 75
0.89912 1.1919 0.87348 1.2312 1.495 29332 38713 33117 27112 616.03 616.86 609.32 386.36 491.97 0.17011 0.11166 0.080939 0.17688 0.087171 0.18488 76
0.89853 1.1866 0.87345 1.2428 1.4947 29928 38594 32421 27784 616.62 614.21 609.67 386.41 491.95 0.16899 0.11122 0.080989 0.17744 0.086663 0.18398 77
0.90028 1.1917 0.87352 1.2118 1.4941 29328 38586 33123 26898 615.71 618.46 609.75 386.85 491.85 0.17285 0.11059 0.079311 0.17744 0.087236 0.18276 78
0.90039 1.1917 0.87354 1.2097 1.494 29326 38569 33122 26876 615.68 618.64 609.8 386.9 491.85 0.17314 0.11046 0.079151 0.17752 0.087265 0.18243 79
0.90039 1.1917 0.87354 1.2097 1.494 29326 38569 33122 26876 615.68 618.64 609.8 386.9 491.85 0.17314 0.11046 0.079151 0.17752 0.087265 0.18243 80
0.90462 1.1938 0.87296 1.1772 1.4947 29501 37992 32825 26647 616.6 619.1 610.57 386.58 492.17 0.14812 0.10855 0.080947 0.17532 0.08699 0.1814 81
0.90462 1.1938 0.87296 1.1772 1.4947 29501 37992 32825 26647 616.6 619.1 610.57 386.58 492.17 0.14812 0.10855 0.080947 0.17532 0.08699 0.1814 82
0.90462 1.1938 0.87296 1.1772 1.4947 29501 37992 32825 26647 616.6 619.1 610.57 386.58 492.17 0.14812 0.10855 0.080947 0.17532 0.08699 0.1814 83
0.90462 1.1938 0.87296 1.1772 1.4947 29501 37992 32825 26647 616.6 619.1 610.57 386.58 492.17 0.14812 0.10855 0.080947 0.17532 0.08699 0.1814 84
0.90462 1.1938 0.87296 1.1772 1.4947 29501 37992 32825 26647 616.6 619.1 610.57 386.58 492.17 0.14812 0.10855 0.080947 0.17532 0.08699 0.1814 85
0.90555 1.1976 0.87307 1.1765 1.4939 29508 37396 32761 26846 615.05 616.38 608.31 382.78 491.41 0.15021 0.10814 0.08331 0.17506 0.086934 0.17967 86
0.90555 1.1976 0.87307 1.1765 1.4939 29508 37396 32761 26846 615.05 616.38 608.31 382.78 491.41 0.15021 0.10814 0.08331 0.17506 0.086934 0.17967 87
0.90555 1.1976 0.87307 1.1765 1.4939 29508 37396 32761 26846 615.05 616.38 608.31 382.78 491.41 0.15021 0.10814 0.08331 0.17506 0.086934 0.17967 88
0.9066 1.1957 0.8734 1.1764 1.4939 29722 37854 32786 26597 615.82 618.27 609.45 383.25 491.64 0.14926 0.1082 0.081654 0.17443 0.086574 0.1793 89
0.90554 1.1971 0.87309 1.1601 1.4936 29450 37319 32830 26612 615.08 618.05 609.49 384.02 491.53 0.14921 0.10802 0.081287 0.16548 0.087408 0.17923 90
0.90464 1.1986 0.87338 1.1867 1.4944 29624 37938 32797 26702 617.55 616.81 611.13 387.93 493.57 0.14819 0.10844 0.079901 0.17525 0.086612 0.17749 91
0.91092 1.2071 0.87308 1.189 1.4942 29834 37829 33049 27165 614.84 615.34 609.98 385.49 491.92 0.14538 0.10707 0.084751 0.17493 0.086128 0.17636 92
0.91092 1.2071 0.87308 1.189 1.4942 29834 37829 33049 27165 614.84 615.34 609.98 385.49 491.92 0.14538 0.10707 0.084751 0.17493 0.086128 0.17636 93
0.91092 1.2071 0.87308 1.189 1.4942 29834 37829 33049 27165 614.84 615.34 609.98 385.49 491.92 0.14538 0.10707 0.084751 0.17493 0.086128 0.17636 94
0.91092 1.2071 0.87308 1.189 1.4942 29834 37829 33049 27165 614.84 615.34 609.98 385.49 491.92 0.14538 0.10707 0.084751 0.17493 0.086128 0.17636 95
0.91095 1.2074 0.87316 1.1874 1.4941 29829 37939 33051 27190 614.8 615.09 609.97 383.95 491.76 0.14429 0.10706 0.085024 0.17424 0.086367 0.1762 96
0.91095 1.2074 0.87316 1.1874 1.4941 29829 37939 33051 27190 614.8 615.09 609.97 383.95 491.76 0.14429 0.10706 0.085024 0.17424 0.086367 0.1762 97
0.91084 1.2085 0.87342 1.1935 1.4941 29765 37694 33036 27225 614.83 615.35 609.79 386.11 491.89 0.14471 0.10703 0.084049 0.17489 0.085879 0.17595 98
0.91084 1.2085 0.87342 1.1935 1.4941 29765 37694 33036 27225 614.83 615.35 609.79 386.11 491.89 0.14471 0.10703 0.084049 0.17489 0.085879 0.17595 99
0.91084 1.2085 0.87342 1.1935 1.4941 29765 37694 33036 27225 614.83 615.35 609.79 386.11 491.89 0.14471 0.10703 0.084049 0.17489 0.085879 0.17595 100
0.91084 1.2085 0.87342 1.1935 1.4941 29765 37694 33036 27225 614.83 615.35 609.79 386.11 491.89 0.14471 0.10703 0.084049 0.17489 0.085879 0.17595 101
0.91083 1.2085 0.87343 1.1934 1.4941 29754 37693 33037 27225 614.81 615.34 609.77 386.13 491.89 0.14471 0.10704 0.084057 0.17489 0.085877 0.17592 102
0.91084 1.2085 0.87343 1.1934 1.4941 29752 37693 33037 27225 614.8 615.34 609.77 386.13 491.89 0.14471 0.10704 0.084059 0.17489 0.085877 0.17589 103
0.91084 1.2084 0.87343 1.1934 1.4941 29752 37693 33037 27225 614.8 615.34 609.77 386.13 491.89 0.14471 0.10704 0.084059 0.17488 0.085877 0.17589 104
0.91084 1.2084 0.87343 1.1934 1.4941 29752 37693 33037 27225 614.8 615.34 609.77 386.13 491.89 0.14471 0.10704 0.084059 0.17488 0.085877 0.17589 105
0.91262 1.2067 0.87312 1.1929 1.4941 29796 37754 33033 27200 614.73 615.27 609.76 385.86 491.93 0.14525 0.10539 0.083951 0.17523 0.08597 0.17528 106
0.91262 1.2067 0.87312 1.1929 1.4941 29796 37754 33033 27200 614.73 615.27 609.76 385.86 491.93 0.14525 0.10539 0.083951 0.17523 0.08597 0.17528 107
0.91262 1.2067 0.87312 1.1929 1.4941 29796 37754 33033 27200 614.73 615.27 609.76 385.86 491.93 0.14525 0.10539 0.083951 0.17523 0.08597 0.17528 108
0.91263 1.2067 0.87312 1.193 1.4941 29794 37754 33033 27200 614.73 615.27 609.76 385.86 491.93 0.14527 0.10538 0.083949 0.17538 0.085971 0.17522 109
0.91263 1.2067 0.87312 1.193 1.4941 29794 37754 33033 27200 614.73 615.27 609.76 385.86 491.93 0.14527 0.10538 0.083949 0.17538 0.085971 0.17522 110
0.91345 1.2064 0.87282 1.1918 1.4941 29815 37842 33038 27187 614.79 615.17 609.83 385.64 491.95 0.14563 0.10364 0.083986 0.17565 0.085887 0.17516 111
0.91345 1.2064 0.87282 1.1918 1.4941 29815 37842 33038 27187 614.79 615.17 609.83 385.64 491.95 0.14563 0.10364 0.083986 0.17565 0.085887 0.17516 112
0.91345 1.2064 0.87282 1.1918 1.4941 29815 37842 33038 27187 614.79 615.17 609.83 385.64 491.95 0.14563 0.10364 0.083986 0.17565 0.085887 0.17516 113
0.91345 1.2064 0.87282 1.1918 1.4941 29815 37842 33038 27187 614.79 615.17 609.83 385.64 491.95 0.14563 0.10364 0.083986 0.17565 0.085887 0.17516 114
0.91345 1.2064 0.87282 1.1918 1.4941 29815 37842 33038 27187 614.79 615.17 609.83 385.64 491.95 0.14563 0.10364 0.083986 0.17565 0.085887 0.17516 115
0.91411 1.2065 0.87275 1.1919 1.4941 29788 37884 33034 27162 614.77 615.24 609.82 385.56 491.96 0.14481 0.10312 0.083956 0.17563 0.085865 0.17503 116
0.91411 1.2065 0.87275 1.1919 1.4941 29788 37884 33034 27162 614.77 615.24 609.82 385.56 491.96 0.14481 0.10312 0.083956 0.17563 0.085865 0.17503 117
0.91411 1.2065 0.87275 1.1919 1.4941 29788 37884 33034 27162 614.77 615.24 609.82 385.56 491.96 0.14481 0.10312 0.083956 0.17563 0.085865 0.17503 118
0.9143 1.2064 0.87272 1.1919 1.4941 29792 37884 33034 27162 614.77 615.24 609.82 385.56 491.96 0.14475 0.10313 0.083953 0.17563 0.085865 0.17502 119
0.91193 1.2082 0.87278 1.1916 1.4941 29785 37879 33027 27165 614.83 616.16 610.23 385.49 492.04 0.14488 0.10287 0.083815 0.17555 0.085852 0.17488 120
0.91193 1.2082 0.87278 1.1916 1.4941 29785 37879 33027 27165 614.83 616.16 610.23 385.49 492.04 0.14488 0.10287 0.083815 0.17555 0.085852 0.17488 121
0.91213 1.2088 0.87297 1.1907 1.4941 29811 37909 32954 27237 614.89 615.78 610.13 385.57 491.98 0.14138 0.10301 0.084217 0.17522 0.085919 0.17441 122
0.91213 1.2088 0.87297 1.1907 1.4941 29811 37909 32954 27237 614.89 615.78 610.13 385.57 491.98 0.14138 0.10301 0.084217 0.17522 0.085919 0.17441 123
0.91213 1.2088 0.87297 1.1907 1.4941 29811 37909 32954 27237 614.89 615.78 610.13 385.57 491.98 0.14138 0.10301 0.084217 0.17522 0.085919 0.17441 124
0.91213 1.2088 0.87297 1.1907 1.4941 29811 37909 32954 27237 614.89 615.78 610.13 385.57 491.98 0.14138 0.10301 0.084217 0.17522 0.085919 0.17441 125
0.91213 1.2088 0.87297 1.1907 1.4941 29811 37909 32954 27237 614.89 615.78 610.13 385.57 491.98 0.14138 0.10301 0.084217 0.17522 0.085919 0.17441 126
0.91246 1.2091 0.873 1.1905 1.4941 29802 37907 32956 27233 614.88 615.58 610.13 385.64 491.97 0.14067 0.10275 0.084247 0.1752 0.08592 0.17412 127
0.91246 1.2091 0.873 1.1905 1.4941 29802 37907 32956 27233 614.88 615.58 610.13 385.64 491.97 0.14067 0.10275 0.084247 0.1752 0.08592 0.17412 128
0.91242 1.2094 0.873 1.1905 1.4941 29806 37912 32954 27243 614.9 615.6 610.17 385.64 491.97 0.13995 0.10252 0.08435 0.1752 0.085871 0.1741 129
0.91242 1.2094 0.873 1.1905 1.4941 29806 37912 32954 27243 614.9 615.6 610.17 385.64 491.97 0.13995 0.10252 0.08435 0.1752 0.085871 0.1741 130
0.91242 1.2094 0.873 1.1905 1.4941 29806 37912 32954 27243 614.9 615.6 610.17 385.64 491.97 0.13995 0.10252 0.08435 0.1752 0.085871 0.1741 131
0.91242 1.2094 0.873 1.1905 1.4941 29806 37912 32954 27243 614.9 615.61 610.17 385.64 491.97 0.13995 0.10252 0.084352 0.1752 0.085875 0.17404 132
0.91242 1.2094 0.873 1.1905 1.4941 29806 37911 32954 27243 614.9 615.61 610.17 385.64 491.97 0.13995 0.10252 0.084352 0.1752 0.085876 0.17401 133
0.91242 1.2094 0.873 1.1905 1.4941 29806 37911 32954 27243 614.9 615.61 610.17 385.64 491.97 0.13995 0.10252 0.084352 0.1752 0.085876 0.17401 134
0.91276 1.2088 0.87288 1.1897 1.4941 29759 37929 32936 27137 614.88 615.5 610.09 385.46 491.96 0.13946 0.10092 0.084408 0.17526 0.085952 0.17376 135
0.91276 1.2088 0.87288 1.1897 1.4941 29759 37929 32936 27137 614.88 615.5 610.09 385.46 491.96 0.13946 0.10092 0.084408 0.17526 0.085952 0.17376 136
0.91276 1.2088 0.87288 1.1897 1.4941 29759 37929 32936 27137 614.88 615.5 610.09 385.46 491.96 0.13946 0.10092 0.084408 0.17526 0.085952 0.17376 137
0.91276 1.2088 0.87288 1.1897 1.4941 29759 37929 32936 27137 614.88 615.5 610.09 385.46 491.96 0.13946 0.10092 0.084408 0.17526 0.085952 0.17376 138
0.91277 1.2088 0.87287 1.1896 1.4941 29760 37933 32936 27139 614.88 615.49 610.09 385.46 491.96 0.13945 0.10091 0.084442 0.17526 0.085954 0.17357 139
0.91277 1.2088 0.87287 1.1896 1.4941 29760 37933 32936 27139 614.88 615.49 610.09 385.46 491.96 0.13945 0.10091 0.084442 0.17526 0.085954 0.17357 140
0.91286 1.2088 0.87288 1.1898 1.4941 29747 37944 32960 27142 614.94 615.47 610.04 385.43 492 0.14005 0.098674 0.084222 0.1753 0.085988 0.17289 141
0.91286 1.2088 0.87288 1.1898 1.4941 29747 37944 32960 27142 614.94 615.47 610.04 385.43 492 0.14005 0.098674 0.084222 0.1753 0.085988 0.17289 142
0.91286 1.2088 0.87288 1.1898 1.4941 29747 37944 32960 27142 614.94 615.47 610.04 385.43 492 0.14005 0.098674 0.084222 0.1753 0.085988 0.17289 143
0.91286 1.2088 0.87288 1.1898 1.4941 29747 37944 32960 27142 614.94 615.47 610.04 385.43 492 0.14005 0.098674 0.084222 0.1753 0.085988 0.17289 144
0.91286 1.2088 0.87288 1.1898 1.4941 29747 37944 32960 27142 614.94 615.47 610.04 385.43 492 0.14005 0.098674 0.084222 0.1753 0.085988 0.17289 145
0.91286 1.2088 0.87288 1.1898 1.4941 29747 37944 32960 27142 614.94 615.47 610.04 385.43 492 0.14005 0.098674 0.084222 0.1753 0.085988 0.17289 146
0.91269 1.209 0.87289 1.1873 1.4941 29813 37932 32925 27034 614.98 615.54 610.09 385.17 491.97 0.13963 0.097977 0.084209 0.17528 0.085966 0.17277 147
0.91269 1.209 0.87289 1.1873 1.4941 29813 37932 32925 27034 614.98 615.54 610.09 385.17 491.97 0.13963 0.097977 0.084209 0.17528 0.085966 0.17277 148
0.91269 1.209 0.87289 1.1873 1.4941 29813 37932 32925 27034 614.98 615.54 610.09 385.17 491.97 0.13963 0.097977 0.084209 0.17528 0.085966 0.17277 149
0.91269 1.209 0.87289 1.1873 1.4941 29813 37932 32925 27034 614.98 615.54 610.09 385.17 491.97 0.13963 0.097977 0.084209 0.17528 0.085966 0.17277 150
0.91269 1.209 0.87289 1.1873 1.4941 29813 37932 32925 27034 614.98 615.54 610.09 385.17 491.97 0.13963 0.097977 0.084209 0.17528 0.085966 0.17277 151
0.91269 1.209 0.87289 1.1873 1.4941 29812 37932 32925 27035 614.98 615.54 610.09 385.17 491.97 0.13965 0.098028 0.084209 0.17528 0.085966 0.17268 152
0.91269 1.209 0.87289 1.1873 1.4941 29812 37932 32925 27036 614.98 615.54 610.09 385.17 491.97 0.13966 0.098038 0.084209 0.17528 0.085966 0.17267 153
0.91269 1.209 0.87289 1.1873 1.4941 29812 37932 32925 27036 614.98 615.54 610.09 385.17 491.97 0.13966 0.098039 0.084209 0.17528 0.085966 0.17267 154
0.91401 1.2095 0.87293 1.1912 1.4941 29758 37917 32972 27301 614.93 615.5 609.89 385.74 491.94 0.13869 0.099174 0.084058 0.17519 0.08587 0.17258 155
0.91298 1.2091 0.87288 1.1905 1.4941 29747 37932 32962 27330 614.94 615.41 609.88 385.8 491.91 0.14004 0.096924 0.084088 0.17517 0.085826 0.17221 156
0.91298 1.2091 0.87288 1.1905 1.4941 29747 37932 32962 27330 614.94 615.41 609.88 385.8 491.91 0.14004 0.096924 0.084088 0.17517 0.085826 0.17221 157
0.91298 1.2091 0.87288 1.1905 1.4941 29747 37932 32962 27330 614.94 615.41 609.88 385.8 491.91 0.14004 0.096924 0.084088 0.17517 0.085826 0.17221 158
0.91298 1.2091 0.87288 1.1905 1.4941 29747 37932 32962 27330 614.94 615.41 609.88 385.8 491.91 0.14004 0.096924 0.084088 0.17517 0.085826 0.17221 159
0.91298 1.2091 0.87288 1.1905 1.4941 29747 37932 32962 27330 614.94 615.41 609.88 385.8 491.91 0.14004 0.096924 0.084088 0.17517 0.085826 0.17221 160
0.91298 1.2091 0.87288 1.1905 1.4941 29747 37932 32962 27330 614.94 615.41 609.88 385.8 491.91 0.14004 0.096924 0.084088 0.17517 0.085826 0.17221 161
0.91298 1.2091 0.87288 1.1905 1.4941 29747 37932 32962 27330 614.94 615.41 609.88 385.8 491.91 0.14004 0.096924 0.084088 0.17517 0.085826 0.17221 162
0.91298 1.2091 0.87288 1.1905 1.4941 29747 37932 32962 27330 614.94 615.41 609.88 385.8 491.91 0.14004 0.096924 0.084088 0.17517 0.085826 0.17221 163
0.91298 1.2091 0.87288 1.1905 1.4941 29747 37932 32962 27330 614.94 615.41 609.88 385.8 491.91 0.14004 0.096924 0.084088 0.17517 0.085826 0.17221 164
0.91298 1.2091 0.87288 1.1905 1.4941 29747 37932 32962 27330 614.94 615.41 609.88 385.8 491.91 0.14004 0.096924 0.084088 0.17517 0.085826 0.17221 165
0.91298 1.2091 0.87288 1.1905 1.4941 29747 37932 32962 27330 614.94 615.41 609.88 385.8 491.91 0.14004 0.096924 0.084088 0.17517 0.085826 0.17221 166
0.91298 1.2091 0.87288 1.1905 1.4941 29747 37932 32962 27330 614.94 615.41 609.88 385.8 491.91 0.14004 0.096924 0.084088 0.17517 0.085826 0.17221 167
0.91298 1.2091 0.87288 1.1905 1.4941 29747 37932 32962 27330 614.94 615.41 609.88 385.8 491.91 0.14004 0.096924 0.084088 0.17517 0.085826 0.1722 168
0.91298 1.2091 0.87288 1.1905 1.4941 29747 37932 32962 27330 614.94 615.41 609.88 385.8 491.91 0.14004 0.096924 0.084088 0.17517 0.085826 0.1722 169
0.91298 1.2091 0.87288 1.1905 1.4941 29747 37932 32962 27330 614.94 615.41 609.88 385.8 491.91 0.14004 0.096924 0.084088 0.17517 0.085826 0.1722 170
0.91298 1.2091 0.87288 1.1905 1.4941 29747 37932 32962 27330 614.94 615.41 609.88 385.8 491.91 0.14004 0.096924 0.084088 0.17517 0.085826 0.1722 171
0.91298 1.2091 0.87288 1.1905 1.4941 29747 37932 32962 27330 614.94 615.41 609.88 385.8 491.91 0.14004 0.096924 0.084088 0.17517 0.085826 0.1722 172
0.91298 1.2091 0.87288 1.1905 1.4941 29747 37932 32962 27330 614.94 615.41 609.88 385.8 491.91 0.14004 0.096924 0.084088 0.17517 0.085826 0.1722 173
0.91173 1.2099 0.87297 1.1942 1.4941 29725 37893 32968 27280 614.89 615.38 609.93 385.94 491.89 0.14133 0.094667 0.084075 0.17502 0.086023 0.17219 174
0.91168 1.2101 0.87296 1.1946 1.4941 29711 37898 32967 27293 614.89 615.38 609.93 385.94 491.88 0.14116 0.093956 0.084053 0.17499 0.086039 0.17187 175
0.91168 1.2102 0.87295 1.1946 1.4941 29709 37899 32966 27295 614.89 615.38 609.93 385.94 491.88 0.14115 0.093885 0.084051 0.17499 0.086041 0.17184 176
0.91168 1.2102 0.87295 1.1946 1.4941 29709 37899 32966 27295 614.89 615.38 609.93 385.94 491.88 0.14114 0.093878 0.084051 0.17499 0.086041 0.17184 177
0.91168 1.2102 0.87295 1.1946 1.4941 29709 37899 32966 27295 614.89 615.38 609.93 385.94 491.88 0.14114 0.093877 0.084051 0.17499 0.086041 0.17184 178
0.91168 1.2102 0.87295 1.1946 1.4941 29709 37899 32966 27295 614.89 615.38 609.93 385.94 491.88 0.14114 0.093877 0.084051 0.17499 0.086041 0.17184 179
0.91168 1.2102 0.87295 1.1946 1.4941 29709 37899 32966 27295 614.89 615.38 609.93 385.94 491.88 0.14114 0.093877 0.084051 0.17499 0.086041 0.17184 180
0.91172 1.2105 0.87289 1.1913 1.4941 29714 37915 32965 27376 614.91 615.41 609.92 385.62 491.87 0.14069 0.094214 0.084106 0.17493 0.085918 0.1717 181
0.91172 1.2105 0.87289 1.1913 1.4941 29714 37915 32965 27376 614.91 615.41 609.92 385.62 491.87 0.14069 0.094214 0.084106 0.17493 0.085918 0.1717 182
