0.75907 0.88969 1.416 1.5083 0.80672 34717 22526 33106 28161 72.643 273.17 296.87 470.22 71.203 0.087231 0.12174 0.14265 0.13095 0.13218 0.53685 0
0.75907 0.88969 1.416 1.5083 0.80672 34717 22526 33106 28161 72.643 273.17 296.87 470.22 71.203 0.087231 0.12174 0.14265 0.13095 0.13218 0.53685 0
0.75907 0.88969 1.416 1.5083 0.80672 34717 22526 33106 28161 72.643 273.17 296.87 470.22 71.203 0.087231 0.12174 0.14265 0.13095 0.13218 0.53685 1
0.75907 0.88969 1.416 1.5083 0.80672 34717 22526 33106 28161 72.643 273.17 296.87 470.22 71.203 0.087231 0.12174 0.14265 0.13095 0.13218 0.53685 2
0.75907 0.88969 1.416 1.5083 0.80672 34717 22526 33106 28161 72.643 273.17 296.87 470.22 71.203 0.087231 0.12174 0.14265 0.13095 0.13218 0.53685 3
0.75907 0.88969 1.416 1.5083 0.80672 34717 22526 33106 28161 72.643 273.17 296.87 470.22 71.203 0.087231 0.12174 0.14265 0.13095 0.13218 0.53685 4
0.7 0.7 1.0986 1.4608 0.82355 31904 31237 31179 26476 59.915 267.51 411.94 501.99 60.126 0.065995 0.13877 0.17827 0.17092 0.15383 0.49634 5
0.7 0.7 1.0986 1.4608 0.82355 31904 31237 31179 26476 59.915 267.51 411.94 501.99 60.126 0.065995 0.13877 0.17827 0.17092 0.15383 0.49634 6
0.7 0.7 1.0986 1.4608 0.82355 31904 31237 31179 26476 59.915 267.51 411.94 501.99 60.126 0.065995 0.13877 0.17827 0.17092 0.15383 0.49634 7
0.7 0.7 1.0986 1.4608 0.82355 31904 31237 31179 26476 59.915 267.51 411.94 501.99 60.126 0.065995 0.13877 0.17827 0.17092 0.15383 0.49634 8
0.7 0.7 1.0986 1.4608 0.82355 31904 31237 31179 26476 59.915 267.51 411.94 501.99 60.126 0.065995 0.13877 0.17827 0.17092 0.15383 0.49634 9
0.7 0.7 1.0986 1.4608 0.82355 31904 31237 31179 26476 59.915 267.51 411.94 501.99 60.126 0.065995 0.13877 0.17827 0.17092 0.15383 0.49634 10
1.1862 0.70877 1.6575 1.4427 0.90687 34569 25921 31298 29727 45.625 357.75 391.06 509.52 36.442 0.074763 0.14861 0.16714 0.077381 0.13969 0.35884 11
1.1862 0.70877 1.6575 1.4427 0.90687 34569 25921 31298 29727 45.625 357.75 391.06 509.52 36.442 0.074763 0.14861 0.16714 0.077381 0.13969 0.35884 12
0.7 1.212 1.033 1.5144 0.87495 30947 31598 31145 28867 591.02 379.35 523.57 493.66 50.614 0.067677 0.13888 0.18481 0.11958 0.1155 0.33681 13
0.7 1.212 1.033 1.5144 0.87495 30947 31598 31145 28867 591.02 379.35 523.57 493.66 50.614 0.067677 0.13888 0.18481 0.11958 0.1155 0.33681 14
0.85839 1.2774 1.3617 1.5357 0.86515 28921 31321 32674 25768 483.93 495.7 506.84 503.75 45.542 0.065067 0.13476 0.2 0.14021 0.097308 0.30526 15
0.81336 1.2933 1.3481 1.5322 0.86308 28413 31795 32670 25655 507.89 495.57 511.56 510.13 46.473 0.064309 0.13424 0.2 0.14404 0.093753 0.29753 16
0.81336 1.2933 1.3481 1.5322 0.86308 28413 31795 32670 25655 507.89 495.57 511.56 510.13 46.473 0.064309 0.13424 0.2 0.14404 0.093753 0.29753 17
0.84395 1.2676 1.3355 1.5218 0.88612 28357 32191 33263 29247 588.52 494.21 514.58 507.45 54.309 0.060309 0.14141 0.19134 0.14469 0.13128 0.29239 18
1.2239 1.2172 1.4667 1.4622 0.88599 29013 34141 30383 29237 490.59 384 508.34 498.37 54.267 0.071564 0.14145 0.19367 0.068472 0.13747 0.28136 19
0.82275 1.3079 1.2611 1.5197 0.88487 29179 33249 33585 35554 601.61 387.48 499.86 507.47 49.53 0.064222 0.14585 0.19153 0.15282 0.12181 0.27938 20
1.2632 1.2732 1.3895 1.5016 0.88596 30226 31372 31810 28363 266.31 411.02 508.26 501.21 53.352 0.071738 0.13515 0.19625 0.081814 0.11134 0.27116 21
1.2632 1.2732 1.3895 1.5016 0.88596 30226 31372 31810 28363 266.31 411.02 508.26 501.21 53.352 0.071738 0.13515 0.19625 0.081814 0.11134 0.27116 22
1.0478 1.259 1.3327 1.5125 0.87313 33392 39071 29550 33267 617.17 391 496.54 504.35 56.76 0.052913 0.13872 0.17929 0.089488 0.14194 0.26238 23
1.0478 1.259 1.3327 1.5125 0.87313 33392 39071 29550 33267 617.17 391 496.54 504.35 56.76 0.052913 0.13872 0.17929 0.089488 0.14194 0.26238 24
1.1302 1.2819 1.4325 1.5127 0.87776 33751 34517 31066 29099 265.19 393.14 498.47 501.59 53.534 0.069394 0.13581 0.1959 0.085723 0.10175 0.2461 25
1.066 1.2833 1.3765 1.5057 0.87666 34387 34614 30825 29032 280.84 395.18 498.92 500.37 50.629 0.075658 0.13733 0.19922 0.093395 0.11107 0.24094 26
1.0845 1.3228 1.3549 1.5039 0.87472 31993 33374 30541 27834 275.62 480.25 497.02 501.59 52.671 0.061012 0.13776 0.19821 0.087849 0.11418 0.22779 27
1.0845 1.3228 1.3549 1.5039 0.87472 31993 33374 30541 27834 275.62 480.25 497.02 501.59 52.671 0.061012 0.13776 0.19821 0.087849 0.11418 0.22779 28
1.096 1.4067 1.3364 1.5056 0.87306 32510 33579 30433 28810 273.96 498.71 496.35 500.83 52.849 0.064558 0.13868 0.19905 0.083422 0.10927 0.22429 29
1.096 1.4067 1.3364 1.5056 0.87306 32510 33579 30433 28810 273.96 498.71 496.35 500.83 52.849 0.064558 0.13868 0.19905 0.083422 0.10927 0.22429 30
1.096 1.4067 1.3364 1.5056 0.87306 32510 33579 30433 28810 273.96 498.71 496.35 500.83 52.849 0.064558 0.13868 0.19905 0.083422 0.10927 0.22429 31
1.094 1.3385 1.3511 1.5112 0.8699 34003 32961 30591 27964 274.8 494.26 497.2 500.91 52.253 0.062459 0.13843 0.2 0.082103 0.14221 0.21756 32
1.094 1.3385 1.3511 1.5112 0.8699 34003 32961 30591 27964 274.8 494.26 497.2 500.91 52.253 0.062459 0.13843 0.2 0.082103 0.14221 0.21756 33
1.094 1.3385 1.3511 1.5112 0.8699 34003 32961 30591 27964 274.8 494.26 497.2 500.91 52.253 0.062459 0.13843 0.2 0.082103 0.14221 0.21756 34
1.0906 1.3337 1.3354 1.5101 0.87458 33081 35320 30587 29201 276.95 488.78 497.2 501.55 52.226 0.061325 0.13826 0.19998 0.065408 0.10324 0.2121 35
1.0906 1.3337 1.3354 1.5101 0.87458 33081 35320 30587 29201 276.95 488.78 497.2 501.55 52.226 0.061325 0.13826 0.19998 0.065408 0.10324 0.2121 36
1.0844 1.3313 1.3403 1.525 0.87055 36343 36381 30906 29872 278.17 501.47 496.74 500.87 52.363 0.061023 0.13814 0.19999 0.06658 0.11029 0.20682 37
1.0844 1.3313 1.3403 1.525 0.87055 36343 36381 30906 29872 278.17 501.47 496.74 500.87 52.363 0.061023 0.13814 0.19999 0.06658 0.11029 0.20682 38
1.0863 1.3322 1.3327 1.5106 0.86921 33574 36987 30517 28607 279.87 487.62 496.12 500.34 52.536 0.063537 0.13812 0.19923 0.069833 0.11078 0.20364 39
1.0896 1.2886 1.3142 1.5278 0.87467 37709 37312 31188 29761 276.8 490.72 498.52 500.78 52.214 0.058601 0.13814 0.19942 0.062511 0.089503 0.2033 40
1.0977 1.3364 1.3631 1.5128 0.86992 37081 36768 30335 26402 276.3 496.97 497.4 500.79 50.056 0.059195 0.13766 0.19751 0.067559 0.11009 0.20206 41
1.0977 1.3364 1.3631 1.5128 0.86992 37081 36768 30335 26402 276.3 496.97 497.4 500.79 50.056 0.059195 0.13766 0.19751 0.067559 0.11009 0.20206 42
1.0829 1.3096 1.3329 1.5127 0.86941 34602 38490 30423 28055 276.55 496.46 495.37 500.64 52.658 0.063373 0.1379 0.1995 0.069259 0.10502 0.19972 43
1.0829 1.3096 1.3329 1.5127 0.86941 34602 38490 30423 28055 276.55 496.46 495.37 500.64 52.658 0.063373 0.1379 0.1995 0.069259 0.10502 0.19972 44
1.0871 1.2969 1.3023 1.5145 0.87547 38107 35590 29149 31226 281.55 493.82 497.06 500.57 53.211 0.056204 0.1399 0.19881 0.070918 0.10269 0.1937 45
1.0871 1.2969 1.3023 1.5145 0.87547 38107 35590 29149 31226 281.55 493.82 497.06 500.57 53.211 0.056204 0.1399 0.19881 0.070918 0.10269 0.1937 46
1.0871 1.2969 1.3023 1.5145 0.87547 38107 35590 29149 31226 281.55 493.82 497.06 500.57 53.211 0.056204 0.1399 0.19881 0.070918 0.10269 0.1937 47
1.0871 1.2969 1.3023 1.5145 0.87547 38107 35590 29149 31226 281.55 493.82 497.06 500.57 53.211 0.056204 0.1399 0.19881 0.070918 0.10269 0.1937 48
1.0871 1.2969 1.3023 1.5145 0.87547 38107 35590 29149 31226 281.55 493.82 497.06 500.57 53.211 0.056204 0.1399 0.19881 0.070918 0.10269 0.1937 49
1.0871 1.2969 1.3023 1.5145 0.87547 38107 35590 29149 31226 281.55 493.82 497.06 500.57 53.211 0.056204 0.1399 0.19881 0.070918 0.10269 0.1937 50
1.0871 1.2969 1.3023 1.5145 0.87547 38107 35590 29149 31226 281.55 493.82 497.06 500.57 53.211 0.056204 0.1399 0.19881 0.070918 0.10269 0.1937 51
1.0871 1.2969 1.3023 1.5145 0.87547 38107 35590 29149 31226 281.55 493.82 497.06 500.57 53.211 0.056204 0.1399 0.19881 0.070918 0.10269 0.1937 52
1.0882 1.3011 1.3129 1.5097 0.86721 37387 37987 30281 29316 280.29 494.66 497.25 500.33 54.3 0.064747 0.13966 0.19967 0.071039 0.096552 0.19336 53
1.0858 1.3198 1.2985 1.5136 0.87057 38097 35603 30204 31030 281.3 493.62 494.81 500.62 53.113 0.058155 0.13984 0.19846 0.071043 0.102 0.18941 54
1.0873 1.3162 1.2984 1.5165 0.87117 38023 38028 29510 30834 281.04 494.14 495.5 500.4 53.244 0.057746 0.13945 0.19914 0.070989 0.098029 0.18854 55
1.089 1.3151 1.3039 1.5106 0.87052 38775 36463 29319 29446 280.41 493.39 496.1 500.25 52.343 0.056384 0.14039 0.19969 0.068697 0.09329 0.18652 56
1.0875 1.3164 1.3053 1.5132 0.87075 39096 38179 29196 29661 280.69 493.34 496.31 500.22 52.492 0.056505 0.1404 0.1996 0.06894 0.09159 0.18324 57
1.0876 1.3167 1.307 1.5128 0.87058 39335 36966 29261 30301 280.49 493.41 496.05 500.21 52.853 0.054288 0.14097 0.19945 0.068317 0.092071 0.18084 58
1.0874 1.3065 1.3042 1.5121 0.87062 38932 37938 28367 30821 278.59 493.5 495.61 500.29 52.094 0.053123 0.13899 0.19963 0.068231 0.093121 0.17874 59
1.0876 1.3049 1.3064 1.5144 0.87068 39164 37940 29355 30192 280.69 491.96 496.29 500.34 52.496 0.051081 0.14018 0.19968 0.069853 0.091422 0.17754 60
1.0873 1.3117 1.306 1.5129 0.87052 39520 38004 29318 30552 280.69 493.25 496.19 500.22 52.815 0.050664 0.14009 0.19967 0.069758 0.089396 0.17628 61
1.0879 1.3067 1.2965 1.513 0.87027 39239 39623 29097 30951 273.95 493.13 496.26 500.28 53.222 0.05 0.14038 0.19893 0.073601 0.089802 0.17467 62
1.0879 1.3067 1.2965 1.513 0.87027 39239 39623 29097 30951 273.95 493.13 496.26 500.28 53.222 0.05 0.14038 0.19893 0.073601 0.089802 0.17467 63
1.0879 1.3067 1.2965 1.513 0.87027 39239 39623 29097 30951 273.95 493.13 496.26 500.28 53.222 0.05 0.14038 0.19893 0.073601 0.089802 0.17467 64
1.0879 1.3067 1.2965 1.513 0.87027 39239 39623 29097 30951 273.95 493.13 496.26 500.28 53.222 0.05 0.14038 0.19893 0.073601 0.089802 0.17467 65
1.0879 1.3067 1.2965 1.513 0.87027 39239 39623 29097 30951 273.95 493.13 496.26 500.28 53.222 0.05 0.14038 0.19893 0.073601 0.089802 0.17467 66
1.0879 1.3067 1.2965 1.513 0.87027 39239 39623 29097 30951 273.95 493.13 496.26 500.28 53.222 0.05 0.14038 0.19893 0.073601 0.089802 0.17467 67
1.0879 1.3067 1.2965 1.513 0.87027 39239 39623 29097 30951 273.95 493.13 496.26 500.28 53.222 0.05 0.14038 0.19893 0.073601 0.089802 0.17467 68
1.0879 1.3067 1.2965 1.513 0.87027 39239 39623 29097 30951 273.95 493.13 496.26 500.28 53.222 0.05 0.14038 0.19893 0.073601 0.089802 0.17467 69
1.0872 1.3125 1.2979 1.5167 0.87042 39129 39738 28179 32520 276.86 493.62 496.2 500.32 53.029 0.05 0.13968 0.19459 0.073761 0.08932 0.17378 70
1.0872 1.3131 1.3009 1.5172 0.87053 39082 39738 28096 32613 277.36 493.57 496.21 500.27 53.071 0.05 0.1395 0.19397 0.07406 0.08897 0.17354 71
1.0879 1.3103 1.2941 1.5128 0.87042 39222 39563 28954 30763 276.22 492.91 496.23 500.3 53.349 0.05 0.14045 0.19908 0.073493 0.089898 0.17346 72
1.087 1.3149 1.2953 1.5186 0.87054 39081 39807 27908 33098 277.78 493.37 496.21 500.27 53.089 0.05 0.13939 0.19607 0.074217 0.088621 0.17305 73
1.0868 1.3139 1.3017 1.5169 0.87055 39108 39754 28426 32466 277.94 493.56 496.12 500.29 53.016 0.050751 0.13927 0.19438 0.074082 0.088804 0.17219 74
1.0868 1.3139 1.3024 1.5173 0.87057 39106 39739 28347 32639 277.91 493.6 496.13 500.29 52.96 0.050707 0.13925 0.19385 0.074227 0.088635 0.17189 75
1.0868 1.314 1.3026 1.5174 0.87057 39105 39735 28325 32686 277.9 493.61 496.13 500.29 52.945 0.050695 0.13924 0.19371 0.074267 0.088588 0.17183 76
1.087 1.3143 1.2968 1.5185 0.87054 39074 39809 27944 32971 277.74 493.35 496.21 500.28 53.172 0.05 0.13942 0.19592 0.076717 0.088587 0.17143 77
1.0868 1.3151 1.2954 1.5163 0.87058 39114 39789 28175 32946 277.84 493.35 496.46 500.26 53.004 0.050445 0.1395 0.19388 0.074028 0.088277 0.17088 78
1.0868 1.3151 1.2954 1.5163 0.87058 39114 39789 28175 32946 277.84 493.35 496.46 500.26 53.004 0.050445 0.1395 0.19388 0.074028 0.088277 0.17088 79
1.0868 1.3151 1.2954 1.5163 0.87058 39114 39789 28175 32946 277.84 493.35 496.46 500.26 53.004 0.050445 0.1395 0.19388 0.074028 0.088277 0.17088 80
1.0868 1.3151 1.2954 1.5163 0.87058 39114 39789 28175 32946 277.84 493.35 496.46 500.26 53.004 0.050445 0.1395 0.19388 0.074028 0.088277 0.17088 81
1.0868 1.3151 1.2954 1.5163 0.87058 39114 39789 28175 32946 277.84 493.35 496.46 500.26 53.004 0.050445 0.1395 0.19388 0.074028 0.088277 0.17088 82
1.0868 1.3151 1.2954 1.5163 0.87058 39114 39789 28175 32946 277.84 493.35 496.46 500.26 53.004 0.050445 0.1395 0.19388 0.074028 0.088277 0.17088 83
1.0868 1.3151 1.2954 1.5163 0.87058 39114 39789 28175 32946 277.84 493.35 496.46 500.26 53.004 0.050445 0.1395 0.19388 0.074028 0.088277 0.17088 84
1.0868 1.3151 1.2954 1.5163 0.87058 39114 39789 28175 32946 277.84 493.35 496.46 500.26 53.004 0.050445 0.1395 0.19388 0.074028 0.088277 0.17088 85
1.0868 1.3151 1.2954 1.5163 0.87058 39114 39789 28175 32946 277.84 493.35 496.46 500.26 53.004 0.050445 0.1395 0.19388 0.074028 0.088277 0.17088 86
1.0869 1.3138 1.2963 1.5182 0.87055 39084 39792 27995 32982 277.88 493.36 496.02 500.26 53.098 0.05 0.13953 0.19404 0.075546 0.088391 0.17044 87
1.0869 1.3138 1.2963 1.5182 0.87055 39084 39792 27995 32982 277.88 493.36 496.02 500.26 53.098 0.05 0.13953 0.19404 0.075546 0.088391 0.17044 88
1.087 1.3022 1.2996 1.515 0.87047 39306 39720 27867 33577 275.98 494.6 496.3 500.22 52.684 0.050035 0.1385 0.1776 0.074328 0.087908 0.17041 89
1.0871 1.3181 1.2935 1.515 0.87014 39213 39616 28522 32990 274.87 493.18 496.06 500.31 53.004 0.050289 0.1393 0.1624 0.076097 0.088169 0.16909 90
1.0872 1.3168 1.281 1.5179 0.87 39177 39671 28029 33195 274.03 493.01 495.95 500.37 53.078 0.050334 0.13931 0.1598 0.076648 0.088091 0.16742 91
1.0872 1.3145 1.2853 1.516 0.86996 39177 39652 28022 33111 275.04 493.47 495.91 500.32 53.041 0.050266 0.13906 0.15178 0.076872 0.088088 0.16706 92
1.0872 1.3155 1.2846 1.516 0.86995 39173 39647 28021 33160 275.01 493.4 495.92 500.33 53.043 0.050279 0.13906 0.15202 0.076881 0.088129 0.1657 93
1.087 1.3163 1.3038 1.5179 0.86975 39259 39762 27990 33184 274.7 493.11 496.06 500.36 53.047 0.05004 0.13918 0.12119 0.074484 0.087754 0.16403 94
1.0872 1.3153 1.2779 1.5186 0.86953 39240 39786 27834 33560 274.32 493.43 495.9 500.31 53.311 0.050235 0.1391 0.1233 0.076682 0.087634 0.16307 95
1.0872 1.3153 1.2779 1.5186 0.86953 39240 39786 27834 33560 274.32 493.43 495.9 500.31 53.311 0.050235 0.1391 0.1233 0.076682 0.087634 0.16307 96
1.0872 1.3153 1.2779 1.5186 0.86953 39240 39786 27834 33560 274.32 493.43 495.9 500.31 53.311 0.050235 0.1391 0.1233 0.076682 0.087634 0.16307 97
1.0872 1.3153 1.2779 1.5186 0.86953 39240 39786 27834 33560 274.32 493.43 495.9 500.31 53.311 0.050235 0.1391 0.1233 0.076682 0.087634 0.16307 98
1.0872 1.3153 1.2779 1.5186 0.86953 39240 39786 27834 33560 274.32 493.43 495.9 500.31 53.311 0.050235 0.1391 0.1233 0.076682 0.087634 0.16307 99
1.0872 1.3137 1.2836 1.5184 0.86953 39231 39795 27812 33533 274.29 493.46 495.91 500.3 53.327 0.050157 0.1391 0.12307 0.077124 0.087743 0.16298 100
1.0872 1.3137 1.2836 1.5184 0.86953 39231 39795 27812 33533 274.29 493.46 495.91 500.3 53.327 0.050157 0.1391 0.12307 0.077124 0.087743 0.16298 101
1.0872 1.3155 1.2878 1.5183 0.86955 39232 39786 27887 33514 274.35 493.34 495.91 500.31 53.343 0.05019 0.13907 0.12112 0.077162 0.087651 0.16265 102
1.0872 1.3155 1.2878 1.5183 0.86955 39232 39786 27887 33514 274.35 493.34 495.91 500.31 53.343 0.05019 0.13907 0.12112 0.077162 0.087651 0.16265 103
1.0871 1.314 1.2848 1.5185 0.86952 39234 39789 27810 33526 274.33 493.33 495.9 500.31 53.373 0.050209 0.13913 0.12185 0.0774 0.0877 0.16211 104
1.0871 1.314 1.2848 1.5185 0.86952 39234 39789 27810 33526 274.33 493.33 495.9 500.31 53.373 0.050209 0.13913 0.12185 0.0774 0.0877 0.16211 105
1.0871 1.314 1.2848 1.5185 0.86952 39234 39789 27810 33526 274.33 493.33 495.9 500.31 53.373 0.050209 0.13913 0.12185 0.0774 0.0877 0.16211 106
1.0871 1.314 1.2853 1.5185 0.86952 39234 39787 27809 33526 274.34 493.33 495.89 500.31 53.373 0.050209 0.13914 0.12151 0.077413 0.087705 0.162 107
1.0871 1.314 1.2853 1.5185 0.86952 39234 39787 27809 33526 274.34 493.33 495.89 500.31 53.373 0.050209 0.13914 0.12151 0.077413 0.087705 0.162 108
1.0871 1.314 1.2853 1.5185 0.86952 39234 39787 27809 33526 274.34 493.33 495.89 500.31 53.374 0.050209 0.13914 0.12151 0.077413 0.087705 0.16199 109
1.0871 1.314 1.2853 1.5185 0.86952 39234 39787 27809 33526 274.34 493.33 495.89 500.31 53.374 0.050209 0.13914 0.12151 0.077414 0.087705 0.16199 110
1.0871 1.314 1.2853 1.5185 0.86952 39234 39787 27809 33526 274.34 493.33 495.89 500.31 53.374 0.050209 0.13914 0.12151 0.077414 0.087705 0.16199 111
1.0871 1.314 1.2853 1.5185 0.86952 39234 39787 27809 33526 274.34 493.33 495.89 500.31 53.374 0.050209 0.13914 0.12151 0.077414 0.087705 0.16199 112
1.0871 1.314 1.2853 1.5185 0.86952 39234 39787 27809 33526 274.34 493.33 495.89 500.31 53.374 0.050209 0.13914 0.12151 0.077414 0.087705 0.16199 113
1.0871 1.314 1.2853 1.5185 0.86952 39234 39787 27809 33526 274.34 493.33 495.89 500.31 53.374 0.050209 0.13914 0.12151 0.077414 0.087705 0.16199 114
1.0871 1.314 1.2853 1.5185 0.86952 39234 39787 27809 33526 274.34 493.33 495.89 500.31 53.374 0.050209 0.13914 0.12151 0.077414 0.087705 0.16199 115
1.0871 1.314 1.2853 1.5185 0.86952 39234 39787 27809 33526 274.34 493.33 495.89 500.31 53.374 0.050209 0.13914 0.12151 0.077414 0.087705 0.16199 116
1.0871 1.314 1.2853 1.5185 0.86952 39234 39787 27809 33526 274.34 493.33 495.89 500.31 53.374 0.050209 0.13914 0.12151 0.077414 0.087705 0.16199 117
1.0871 1.314 1.2853 1.5185 0.86952 39234 39787 27809 33526 274.34 493.33 495.89 500.31 53.374 0.050209 0.13914 0.12151 0.077414 0.087705 0.16199 118
1.0871 1.314 1.2853 1.5185 0.86952 39234 39787 27809 33526 274.34 493.33 495.89 500.31 53.374 0.050209 0.13914 0.12151 0.077414 0.087705 0.16199 119
1.0871 1.314 1.2853 1.5185 0.86952 39234 39787 27809 33526 274.34 493.33 495.89 500.31 53.374 0.050209 0.13914 0.12151 0.077414 0.087705 0.16199 120
1.0871 1.314 1.2853 1.5185 0.86952 39234 39787 27809 33526 274.34 493.33 495.89 500.31 53.374 0.050209 0.13914 0.12151 0.077414 0.087705 0.16199 121
1.0871 1.314 1.2853 1.5185 0.86952 39234 39787 27809 33526 274.34 493.33 495.89 500.31 53.374 0.050209 0.13914 0.12151 0.077414 0.087705 0.16199 122
1.0871 1.314 1.2853 1.5185 0.86952 39234 39787 27809 33526 274.34 493.33 495.89 500.31 53.374 0.050209 0.13914 0.12151 0.077414 0.087705 0.16199 123
1.0871 1.314 1.2853 1.5185 0.86952 39234 39787 27809 33526 274.34 493.33 495.89 500.31 53.374 0.050209 0.13914 0.12151 0.077414 0.087705 0.16199 124
1.0871 1.314 1.2853 1.5185 0.86952 39234 39787 27809 33526 274.34 493.33 495.89 500.31 53.374 0.050209 0.13914 0.12151 0.077414 0.087705 0.16199 125
1.0871 1.314 1.2853 1.5185 0.86952 39234 39787 27809 33526 274.34 493.33 495.89 500.31 53.374 0.050209 0.13914 0.12151 0.077414 0.087705 0.16199 126
1.0871 1.314 1.2853 1.5185 0.86952 39234 39787 27809 33526 274.34 493.33 495.89 500.31 53.374 0.050209 0.13914 0.12151 0.077414 0.087705 0.16199 127
1.0871 1.314 1.2853 1.5185 0.86952 39234 39787 27809 33526 274.34 493.33 495.89 500.31 53.374 0.050209 0.13914 0.12151 0.077414 0.087705 0.16199 128
1.0871 1.314 1.2853 1.5185 0.86952 39234 39787 27809 33526 274.34 493.33 495.89 500.31 53.374 0.050209 0.13914 0.12151 0.077414 0.087705 0.16199 128
