%%MatrixMarket matrix coordinate real general
%%  Created by MSM_TO_MM_COORDINATE_REAL_GENERAL.M
  200  200  398
  1  1  1.200000
  3  1  0.600000
  2  2  320.000000
  4  2  80.000000
  3  3  2.400000
  5  3  0.600000
  4  4  320.000000
  6  4  80.000000
  5  5  2.400000
  7  5  0.600000
  6  6  320.000000
  8  6  80.000000
  7  7  2.400000
  9  7  0.600000
  8  8  320.000000
  10  8  80.000000
  9  9  2.400000
  11  9  0.600000
  10  10  320.000000
  12  10  80.000000
  11  11  2.400000
  13  11  0.600000
  12  12  320.000000
  14  12  80.000000
  13  13  2.400000
  15  13  0.600000
  14  14  320.000000
  16  14  80.000000
  15  15  2.400000
  17  15  0.600000
  16  16  320.000000
  18  16  80.000000
  17  17  2.400000
  19  17  0.600000
  18  18  320.000000
  20  18  80.000000
  19  19  2.400000
  21  19  0.600000
  20  20  320.000000
  22  20  80.000000
  21  21  2.400000
  23  21  0.600000
  22  22  320.000000
  24  22  80.000000
  23  23  2.400000
  25  23  0.600000
  24  24  320.000000
  26  24  80.000000
  25  25  2.400000
  27  25  0.600000
  26  26  320.000000
  28  26  80.000000
  27  27  2.400000
  29  27  0.600000
  28  28  320.000000
  30  28  80.000000
  29  29  2.400000
  31  29  0.600000
  30  30  320.000000
  32  30  80.000000
  31  31  2.400000
  33  31  0.600000
  32  32  320.000000
  34  32  80.000000
  33  33  2.400000
  35  33  0.600000
  34  34  320.000000
  36  34  80.000000
  35  35  2.400000
  37  35  0.600000
  36  36  320.000000
  38  36  80.000000
  37  37  2.400000
  39  37  0.600000
  38  38  320.000000
  40  38  80.000000
  39  39  2.400000
  41  39  0.600000
  40  40  320.000000
  42  40  80.000000
  41  41  2.400000
  43  41  0.600000
  42  42  320.000000
  44  42  80.000000
  43  43  2.400000
  45  43  0.600000
  44  44  320.000000
  46  44  80.000000
  45  45  2.400000
  47  45  0.600000
  46  46  320.000000
  48  46  80.000000
  47  47  2.400000
  49  47  0.600000
  48  48  320.000000
  50  48  80.000000
  49  49  2.400000
  51  49  0.600000
  50  50  320.000000
  52  50  80.000000
  51  51  2.400000
  53  51  0.600000
  52  52  320.000000
  54  52  80.000000
  53  53  2.400000
  55  53  0.600000
  54  54  320.000000
  56  54  80.000000
  55  55  2.400000
  57  55  0.600000
  56  56  320.000000
  58  56  80.000000
  57  57  2.400000
  59  57  0.600000
  58  58  320.000000
  60  58  80.000000
  59  59  2.400000
  61  59  0.600000
  60  60  320.000000
  62  60  80.000000
  61  61  2.400000
  63  61  0.600000
  62  62  320.000000
  64  62  80.000000
  63  63  2.400000
  65  63  0.600000
  64  64  320.000000
  66  64  80.000000
  65  65  2.400000
  67  65  0.600000
  66  66  320.000000
  68  66  80.000000
  67  67  2.400000
  69  67  0.600000
  68  68  320.000000
  70  68  80.000000
  69  69  2.400000
  71  69  0.600000
  70  70  320.000000
  72  70  80.000000
  71  71  2.400000
  73  71  0.600000
  72  72  320.000000
  74  72  80.000000
  73  73  2.400000
  75  73  0.600000
  74  74  320.000000
  76  74  80.000000
  75  75  2.400000
  77  75  0.600000
  76  76  320.000000
  78  76  80.000000
  77  77  2.400000
  79  77  0.600000
  78  78  320.000000
  80  78  80.000000
  79  79  2.400000
  81  79  0.600000
  80  80  320.000000
  82  80  80.000000
  81  81  2.400000
  83  81  0.600000
  82  82  320.000000
  84  82  80.000000
  83  83  2.400000
  85  83  0.600000
  84  84  320.000000
  86  84  80.000000
  85  85  2.400000
  87  85  0.600000
  86  86  320.000000
  88  86  80.000000
  87  87  2.400000
  89  87  0.600000
  88  88  320.000000
  90  88  80.000000
  89  89  2.400000
  91  89  0.600000
  90  90  320.000000
  92  90  80.000000
  91  91  2.400000
  93  91  0.600000
  92  92  320.000000
  94  92  80.000000
  93  93  2.400000
  95  93  0.600000
  94  94  320.000000
  96  94  80.000000
  95  95  2.400000
  97  95  0.600000
  96  96  320.000000
  98  96  80.000000
  97  97  2.400000
  99  97  0.600000
  98  98  320.000000
  100  98  80.000000
  99  99  2.400000
  101  99  0.600000
  100  100  320.000000
  102  100  80.000000
  101  101  2.400000
  103  101  0.600000
  102  102  320.000000
  104  102  80.000000
  103  103  2.400000
  105  103  0.600000
  104  104  320.000000
  106  104  80.000000
  105  105  2.400000
  107  105  0.600000
  106  106  320.000000
  108  106  80.000000
  107  107  2.400000
  109  107  0.600000
  108  108  320.000000
  110  108  80.000000
  109  109  2.400000
  111  109  0.600000
  110  110  320.000000
  112  110  80.000000
  111  111  2.400000
  113  111  0.600000
  112  112  320.000000
  114  112  80.000000
  113  113  2.400000
  115  113  0.600000
  114  114  320.000000
  116  114  80.000000
  115  115  2.400000
  117  115  0.600000
  116  116  320.000000
  118  116  80.000000
  117  117  2.400000
  119  117  0.600000
  118  118  320.000000
  120  118  80.000000
  119  119  2.400000
  121  119  0.600000
  120  120  320.000000
  122  120  80.000000
  121  121  2.400000
  123  121  0.600000
  122  122  320.000000
  124  122  80.000000
  123  123  2.400000
  125  123  0.600000
  124  124  320.000000
  126  124  80.000000
  125  125  2.400000
  127  125  0.600000
  126  126  320.000000
  128  126  80.000000
  127  127  2.400000
  129  127  0.600000
  128  128  320.000000
  130  128  80.000000
  129  129  2.400000
  131  129  0.600000
  130  130  320.000000
  132  130  80.000000
  131  131  2.400000
  133  131  0.600000
  132  132  320.000000
  134  132  80.000000
  133  133  2.400000
  135  133  0.600000
  134  134  320.000000
  136  134  80.000000
  135  135  2.400000
  137  135  0.600000
  136  136  320.000000
  138  136  80.000000
  137  137  2.400000
  139  137  0.600000
  138  138  320.000000
  140  138  80.000000
  139  139  2.400000
  141  139  0.600000
  140  140  320.000000
  142  140  80.000000
  141  141  2.400000
  143  141  0.600000
  142  142  320.000000
  144  142  80.000000
  143  143  2.400000
  145  143  0.600000
  144  144  320.000000
  146  144  80.000000
  145  145  2.400000
  147  145  0.600000
  146  146  320.000000
  148  146  80.000000
  147  147  2.400000
  149  147  0.600000
  148  148  320.000000
  150  148  80.000000
  149  149  2.400000
  151  149  0.600000
  150  150  320.000000
  152  150  80.000000
  151  151  2.400000
  153  151  0.600000
  152  152  320.000000
  154  152  80.000000
  153  153  2.400000
  155  153  0.600000
  154  154  320.000000
  156  154  80.000000
  155  155  2.400000
  157  155  0.600000
  156  156  320.000000
  158  156  80.000000
  157  157  2.400000
  159  157  0.600000
  158  158  320.000000
  160  158  80.000000
  159  159  2.400000
  161  159  0.600000
  160  160  320.000000
  162  160  80.000000
  161  161  2.400000
  163  161  0.600000
  162  162  320.000000
  164  162  80.000000
  163  163  2.400000
  165  163  0.600000
  164  164  320.000000
  166  164  80.000000
  165  165  2.400000
  167  165  0.600000
  166  166  320.000000
  168  166  80.000000
  167  167  2.400000
  169  167  0.600000
  168  168  320.000000
  170  168  80.000000
  169  169  2.400000
  171  169  0.600000
  170  170  320.000000
  172  170  80.000000
  171  171  2.400000
  173  171  0.600000
  172  172  320.000000
  174  172  80.000000
  173  173  2.400000
  175  173  0.600000
  174  174  320.000000
  176  174  80.000000
  175  175  2.400000
  177  175  0.600000
  176  176  320.000000
  178  176  80.000000
  177  177  2.400000
  179  177  0.600000
  178  178  320.000000
  180  178  80.000000
  179  179  2.400000
  181  179  0.600000
  180  180  320.000000
  182  180  80.000000
  181  181  2.400000
  183  181  0.600000
  182  182  320.000000
  184  182  80.000000
  183  183  2.400000
  185  183  0.600000
  184  184  320.000000
  186  184  80.000000
  185  185  2.400000
  187  185  0.600000
  186  186  320.000000
  188  186  80.000000
  187  187  2.400000
  189  187  0.600000
  188  188  320.000000
  190  188  80.000000
  189  189  2.400000
  191  189  0.600000
  190  190  320.000000
  192  190  80.000000
  191  191  2.400000
  193  191  0.600000
  192  192  320.000000
  194  192  80.000000
  193  193  2.400000
  195  193  0.600000
  194  194  320.000000
  196  194  80.000000
  195  195  2.400000
  197  195  0.600000
  196  196  320.000000
  198  196  80.000000
  197  197  2.400000
  199  197  0.600000
  198  198  320.000000
  199  199  2.400000
  200  199  0.600000
  200  200  1.200000
