%%MatrixMarket matrix coordinate real general
%%  Created by MSM_TO_MM_COORDINATE_REAL_GENERAL.M
  200  200  596
  1  1  65990113.333113
  3  1  -32995056.666556
  4  1  16497528.333278
  199  1  -32995056.666556
  200  1  -16497528.333278
  2  2  19086781.035336
  3  2  -16497528.333278
  4  2  6954137.815610
  199  2  16497528.333278
  200  2  6954137.815610
  3  3  65990113.333113
  5  3  -32995056.666556
  6  3  16497528.333278
  4  4  19086781.035336
  5  4  -16497528.333278
  6  4  6954137.815610
  5  5  65990113.333113
  7  5  -32995056.666556
  8  5  16497528.333278
  6  6  19086781.035336
  7  6  -16497528.333278
  8  6  6954137.815610
  7  7  65990113.333113
  9  7  -32995056.666556
  10  7  16497528.333278
  8  8  19086781.035336
  9  8  -16497528.333278
  10  8  6954137.815610
  9  9  65990113.333113
  11  9  -32995056.666556
  12  9  16497528.333278
  10  10  19086781.035336
  11  10  -16497528.333278
  12  10  6954137.815610
  11  11  65990113.333113
  13  11  -32995056.666556
  14  11  16497528.333278
  12  12  19086781.035336
  13  12  -16497528.333278
  14  12  6954137.815610
  13  13  65990113.333113
  15  13  -32995056.666556
  16  13  16497528.333278
  14  14  19086781.035336
  15  14  -16497528.333278
  16  14  6954137.815610
  15  15  65990113.333113
  17  15  -32995056.666556
  18  15  16497528.333278
  16  16  19086781.035336
  17  16  -16497528.333278
  18  16  6954137.815610
  17  17  65990113.333113
  19  17  -32995056.666556
  20  17  16497528.333278
  18  18  19086781.035336
  19  18  -16497528.333278
  20  18  6954137.815610
  19  19  65990113.333113
  21  19  -32995056.666556
  22  19  16497528.333278
  20  20  19086781.035336
  21  20  -16497528.333278
  22  20  6954137.815610
  21  21  65990113.333113
  23  21  -32995056.666556
  24  21  16497528.333278
  22  22  19086781.035336
  23  22  -16497528.333278
  24  22  6954137.815610
  23  23  65990113.333113
  25  23  -32995056.666556
  26  23  16497528.333278
  24  24  19086781.035336
  25  24  -16497528.333278
  26  24  6954137.815610
  25  25  65990113.333113
  27  25  -32995056.666556
  28  25  16497528.333278
  26  26  19086781.035336
  27  26  -16497528.333278
  28  26  6954137.815610
  27  27  65990113.333113
  29  27  -32995056.666556
  30  27  16497528.333278
  28  28  19086781.035336
  29  28  -16497528.333278
  30  28  6954137.815610
  29  29  65990113.333113
  31  29  -32995056.666556
  32  29  16497528.333278
  30  30  19086781.035336
  31  30  -16497528.333278
  32  30  6954137.815610
  31  31  65990113.333113
  33  31  -32995056.666556
  34  31  16497528.333278
  32  32  19086781.035336
  33  32  -16497528.333278
  34  32  6954137.815610
  33  33  65990113.333113
  35  33  -32995056.666556
  36  33  16497528.333278
  34  34  19086781.035336
  35  34  -16497528.333278
  36  34  6954137.815610
  35  35  65990113.333113
  37  35  -32995056.666556
  38  35  16497528.333278
  36  36  19086781.035336
  37  36  -16497528.333278
  38  36  6954137.815610
  37  37  65990113.333113
  39  37  -32995056.666556
  40  37  16497528.333278
  38  38  19086781.035336
  39  38  -16497528.333278
  40  38  6954137.815610
  39  39  65990113.333113
  41  39  -32995056.666556
  42  39  16497528.333278
  40  40  19086781.035336
  41  40  -16497528.333278
  42  40  6954137.815610
  41  41  65990113.333113
  43  41  -32995056.666556
  44  41  16497528.333278
  42  42  19086781.035336
  43  42  -16497528.333278
  44  42  6954137.815610
  43  43  65990113.333113
  45  43  -32995056.666556
  46  43  16497528.333278
  44  44  19086781.035336
  45  44  -16497528.333278
  46  44  6954137.815610
  45  45  65990113.333113
  47  45  -32995056.666556
  48  45  16497528.333278
  46  46  19086781.035336
  47  46  -16497528.333278
  48  46  6954137.815610
  47  47  65990113.333113
  49  47  -32995056.666556
  50  47  16497528.333278
  48  48  19086781.035336
  49  48  -16497528.333278
  50  48  6954137.815610
  49  49  65990113.333113
  51  49  -32995056.666556
  52  49  16497528.333278
  50  50  19086781.035336
  51  50  -16497528.333278
  52  50  6954137.815610
  51  51  65990113.333113
  53  51  -32995056.666556
  54  51  16497528.333278
  52  52  19086781.035336
  53  52  -16497528.333278
  54  52  6954137.815610
  53  53  65990113.333113
  55  53  -32995056.666556
  56  53  16497528.333278
  54  54  19086781.035336
  55  54  -16497528.333278
  56  54  6954137.815610
  55  55  65990113.333113
  57  55  -32995056.666556
  58  55  16497528.333278
  56  56  19086781.035336
  57  56  -16497528.333278
  58  56  6954137.815610
  57  57  65990113.333113
  59  57  -32995056.666556
  60  57  16497528.333278
  58  58  19086781.035336
  59  58  -16497528.333278
  60  58  6954137.815610
  59  59  65990113.333113
  61  59  -32995056.666556
  62  59  16497528.333278
  60  60  19086781.035336
  61  60  -16497528.333278
  62  60  6954137.815610
  61  61  65990113.333113
  63  61  -32995056.666556
  64  61  16497528.333278
  62  62  19086781.035336
  63  62  -16497528.333278
  64  62  6954137.815610
  63  63  65990113.333113
  65  63  -32995056.666556
  66  63  16497528.333278
  64  64  19086781.035336
  65  64  -16497528.333278
  66  64  6954137.815610
  65  65  65990113.333113
  67  65  -32995056.666556
  68  65  16497528.333278
  66  66  19086781.035336
  67  66  -16497528.333278
  68  66  6954137.815610
  67  67  65990113.333113
  69  67  -32995056.666556
  70  67  16497528.333278
  68  68  19086781.035336
  69  68  -16497528.333278
  70  68  6954137.815610
  69  69  65990113.333113
  71  69  -32995056.666556
  72  69  16497528.333278
  70  70  19086781.035336
  71  70  -16497528.333278
  72  70  6954137.815610
  71  71  65990113.333113
  73  71  -32995056.666556
  74  71  16497528.333278
  72  72  19086781.035336
  73  72  -16497528.333278
  74  72  6954137.815610
  73  73  65990113.333113
  75  73  -32995056.666556
  76  73  16497528.333278
  74  74  19086781.035336
  75  74  -16497528.333278
  76  74  6954137.815610
  75  75  65990113.333113
  77  75  -32995056.666556
  78  75  16497528.333278
  76  76  19086781.035336
  77  76  -16497528.333278
  78  76  6954137.815610
  77  77  65990113.333113
  79  77  -32995056.666556
  80  77  16497528.333278
  78  78  19086781.035336
  79  78  -16497528.333278
  80  78  6954137.815610
  79  79  65990113.333113
  81  79  -32995056.666556
  82  79  16497528.333278
  80  80  19086781.035336
  81  80  -16497528.333278
  82  80  6954137.815610
  81  81  65990113.333113
  83  81  -32995056.666556
  84  81  16497528.333278
  82  82  19086781.035336
  83  82  -16497528.333278
  84  82  6954137.815610
  83  83  65990113.333113
  85  83  -32995056.666556
  86  83  16497528.333278
  84  84  19086781.035336
  85  84  -16497528.333278
  86  84  6954137.815610
  85  85  65990113.333113
  87  85  -32995056.666556
  88  85  16497528.333278
  86  86  19086781.035336
  87  86  -16497528.333278
  88  86  6954137.815610
  87  87  65990113.333113
  89  87  -32995056.666556
  90  87  16497528.333278
  88  88  19086781.035336
  89  88  -16497528.333278
  90  88  6954137.815610
  89  89  65990113.333113
  91  89  -32995056.666556
  92  89  16497528.333278
  90  90  19086781.035336
  91  90  -16497528.333278
  92  90  6954137.815610
  91  91  65990113.333113
  93  91  -32995056.666556
  94  91  16497528.333278
  92  92  19086781.035336
  93  92  -16497528.333278
  94  92  6954137.815610
  93  93  65990113.333113
  95  93  -32995056.666556
  96  93  16497528.333278
  94  94  19086781.035336
  95  94  -16497528.333278
  96  94  6954137.815610
  95  95  65990113.333113
  97  95  -32995056.666556
  98  95  16497528.333278
  96  96  19086781.035336
  97  96  -16497528.333278
  98  96  6954137.815610
  97  97  65990113.333113
  99  97  -32995056.666556
  100  97  16497528.333278
  98  98  19086781.035336
  99  98  -16497528.333278
  100  98  6954137.815610
  99  99  65990113.333113
  101  99  16497528.333278
  100  100  19086781.035336
  101  100  6954137.815610
  101  101  9543390.517668
  102  102  9543390.517668
  103  102  -16497528.333278
  104  102  6954137.815610
  103  103  65990113.333113
  105  103  -32995056.666556
  106  103  16497528.333278
  104  104  19086781.035336
  105  104  -16497528.333278
  106  104  6954137.815610
  105  105  65990113.333113
  107  105  -32995056.666556
  108  105  16497528.333278
  106  106  19086781.035336
  107  106  -16497528.333278
  108  106  6954137.815610
  107  107  65990113.333113
  109  107  -32995056.666556
  110  107  16497528.333278
  108  108  19086781.035336
  109  108  -16497528.333278
  110  108  6954137.815610
  109  109  65990113.333113
  111  109  -32995056.666556
  112  109  16497528.333278
  110  110  19086781.035336
  111  110  -16497528.333278
  112  110  6954137.815610
  111  111  65990113.333113
  113  111  -32995056.666556
  114  111  16497528.333278
  112  112  19086781.035336
  113  112  -16497528.333278
  114  112  6954137.815610
  113  113  65990113.333113
  115  113  -32995056.666556
  116  113  16497528.333278
  114  114  19086781.035336
  115  114  -16497528.333278
  116  114  6954137.815610
  115  115  65990113.333113
  117  115  -32995056.666556
  118  115  16497528.333278
  116  116  19086781.035336
  117  116  -16497528.333278
  118  116  6954137.815610
  117  117  65990113.333113
  119  117  -32995056.666556
  120  117  16497528.333278
  118  118  19086781.035336
  119  118  -16497528.333278
  120  118  6954137.815610
  119  119  65990113.333113
  121  119  -32995056.666556
  122  119  16497528.333278
  120  120  19086781.035336
  121  120  -16497528.333278
  122  120  6954137.815610
  121  121  65990113.333113
  123  121  -32995056.666556
  124  121  16497528.333278
  122  122  19086781.035336
  123  122  -16497528.333278
  124  122  6954137.815610
  123  123  65990113.333113
  125  123  -32995056.666556
  126  123  16497528.333278
  124  124  19086781.035336
  125  124  -16497528.333278
  126  124  6954137.815610
  125  125  65990113.333113
  127  125  -32995056.666556
  128  125  16497528.333278
  126  126  19086781.035336
  127  126  -16497528.333278
  128  126  6954137.815610
  127  127  65990113.333113
  129  127  -32995056.666556
  130  127  16497528.333278
  128  128  19086781.035336
  129  128  -16497528.333278
  130  128  6954137.815610
  129  129  65990113.333113
  131  129  -32995056.666556
  132  129  16497528.333278
  130  130  19086781.035336
  131  130  -16497528.333278
  132  130  6954137.815610
  131  131  65990113.333113
  133  131  -32995056.666556
  134  131  16497528.333278
  132  132  19086781.035336
  133  132  -16497528.333278
  134  132  6954137.815610
  133  133  65990113.333113
  135  133  -32995056.666556
  136  133  16497528.333278
  134  134  19086781.035336
  135  134  -16497528.333278
  136  134  6954137.815610
  135  135  65990113.333113
  137  135  -32995056.666556
  138  135  16497528.333278
  136  136  19086781.035336
  137  136  -16497528.333278
  138  136  6954137.815610
  137  137  65990113.333113
  139  137  -32995056.666556
  140  137  16497528.333278
  138  138  19086781.035336
  139  138  -16497528.333278
  140  138  6954137.815610
  139  139  65990113.333113
  141  139  -32995056.666556
  142  139  16497528.333278
  140  140  19086781.035336
  141  140  -16497528.333278
  142  140  6954137.815610
  141  141  65990113.333113
  143  141  -32995056.666556
  144  141  16497528.333278
  142  142  19086781.035336
  143  142  -16497528.333278
  144  142  6954137.815610
  143  143  65990113.333113
  145  143  -32995056.666556
  146  143  16497528.333278
  144  144  19086781.035336
  145  144  -16497528.333278
  146  144  6954137.815610
  145  145  65990113.333113
  147  145  -32995056.666556
  148  145  16497528.333278
  146  146  19086781.035336
  147  146  -16497528.333278
  148  146  6954137.815610
  147  147  65990113.333113
  149  147  -32995056.666556
  150  147  16497528.333278
  148  148  19086781.035336
  149  148  -16497528.333278
  150  148  6954137.815610
  149  149  65990113.333113
  151  149  -32995056.666556
  152  149  16497528.333278
  150  150  19086781.035336
  151  150  -16497528.333278
  152  150  6954137.815610
  151  151  65990113.333113
  153  151  -32995056.666556
  154  151  16497528.333278
  152  152  19086781.035336
  153  152  -16497528.333278
  154  152  6954137.815610
  153  153  65990113.333113
  155  153  -32995056.666556
  156  153  16497528.333278
  154  154  19086781.035336
  155  154  -16497528.333278
  156  154  6954137.815610
  155  155  65990113.333113
  157  155  -32995056.666556
  158  155  16497528.333278
  156  156  19086781.035336
  157  156  -16497528.333278
  158  156  6954137.815610
  157  157  65990113.333113
  159  157  -32995056.666556
  160  157  16497528.333278
  158  158  19086781.035336
  159  158  -16497528.333278
  160  158  6954137.815610
  159  159  65990113.333113
  161  159  -32995056.666556
  162  159  16497528.333278
  160  160  19086781.035336
  161  160  -16497528.333278
  162  160  6954137.815610
  161  161  65990113.333113
  163  161  -32995056.666556
  164  161  16497528.333278
  162  162  19086781.035336
  163  162  -16497528.333278
  164  162  6954137.815610
  163  163  65990113.333113
  165  163  -32995056.666556
  166  163  16497528.333278
  164  164  19086781.035336
  165  164  -16497528.333278
  166  164  6954137.815610
  165  165  65990113.333113
  167  165  -32995056.666556
  168  165  16497528.333278
  166  166  19086781.035336
  167  166  -16497528.333278
  168  166  6954137.815610
  167  167  65990113.333113
  169  167  -32995056.666556
  170  167  16497528.333278
  168  168  19086781.035336
  169  168  -16497528.333278
  170  168  6954137.815610
  169  169  65990113.333113
  171  169  -32995056.666556
  172  169  16497528.333278
  170  170  19086781.035336
  171  170  -16497528.333278
  172  170  6954137.815610
  171  171  65990113.333113
  173  171  -32995056.666556
  174  171  16497528.333278
  172  172  19086781.035336
  173  172  -16497528.333278
  174  172  6954137.815610
  173  173  65990113.333113
  175  173  -32995056.666556
  176  173  16497528.333278
  174  174  19086781.035336
  175  174  -16497528.333278
  176  174  6954137.815610
  175  175  65990113.333113
  177  175  -32995056.666556
  178  175  16497528.333278
  176  176  19086781.035336
  177  176  -16497528.333278
  178  176  6954137.815610
  177  177  65990113.333113
  179  177  -32995056.666556
  180  177  16497528.333278
  178  178  19086781.035336
  179  178  -16497528.333278
  180  178  6954137.815610
  179  179  65990113.333113
  181  179  -32995056.666556
  182  179  16497528.333278
  180  180  19086781.035336
  181  180  -16497528.333278
  182  180  6954137.815610
  181  181  65990113.333113
  183  181  -32995056.666556
  184  181  16497528.333278
  182  182  19086781.035336
  183  182  -16497528.333278
  184  182  6954137.815610
  183  183  65990113.333113
  185  183  -32995056.666556
  186  183  16497528.333278
  184  184  19086781.035336
  185  184  -16497528.333278
  186  184  6954137.815610
  185  185  65990113.333113
  187  185  -32995056.666556
  188  185  16497528.333278
  186  186  19086781.035336
  187  186  -16497528.333278
  188  186  6954137.815610
  187  187  65990113.333113
  189  187  -32995056.666556
  190  187  16497528.333278
  188  188  19086781.035336
  189  188  -16497528.333278
  190  188  6954137.815610
  189  189  65990113.333113
  191  189  -32995056.666556
  192  189  16497528.333278
  190  190  19086781.035336
  191  190  -16497528.333278
  192  190  6954137.815610
  191  191  65990113.333113
  193  191  -32995056.666556
  194  191  16497528.333278
  192  192  19086781.035336
  193  192  -16497528.333278
  194  192  6954137.815610
  193  193  65990113.333113
  195  193  -32995056.666556
  196  193  16497528.333278
  194  194  19086781.035336
  195  194  -16497528.333278
  196  194  6954137.815610
  195  195  65990113.333113
  197  195  -32995056.666556
  198  195  16497528.333278
  196  196  19086781.035336
  197  196  -16497528.333278
  198  196  6954137.815610
  197  197  65990113.333113
  199  197  -32995056.666556
  200  197  16497528.333278
  198  198  19086781.035336
  199  198  -16497528.333278
  200  198  6954137.815610
  199  199  65990113.333113
  200  200  19086781.035336
